      -1   77.558  171.443
       0   77.518  170.522
       1   77.518  170.522
       2   77.518  170.522
       3   77.518  170.522
       4   77.518  168.310
       5   77.518  168.310
       6   77.518  168.310
       7   77.518  168.310
       8   77.518  168.310
       9   77.518  168.310
      10   77.518  168.310
      11   65.825  168.193
      12   65.825  167.760
      13   65.825  167.760
      14   65.825  166.809
      15   65.825  166.809
      16   65.825  166.809
      17   65.825  166.809
      18   65.825  166.809
      19   65.825  166.809
      20   65.825  166.809
      21   63.613  166.787
      22   63.613  166.787
      23   63.613  166.585
      24   63.613  166.585
      25   63.613  166.585
      26   63.613  166.585
      27   63.613  166.585
      28   63.613  166.585
      29   63.613  166.585
      30   63.613  166.585
      31   60.184  166.551
      32   60.184  165.640
      33   60.184  164.297
      34   60.184  164.297
      35   60.184  164.297
      36   60.184  164.297
      37   60.184  164.297
      38   60.184  164.297
      39   60.184  164.063
      40   60.184  164.063
      41   59.558  162.290
      42   59.558  162.290
      43   59.558  162.290
      44   59.558  162.290
      45   59.558  162.290
      46   59.558  162.290
      47   59.558  162.290
      48   59.558  162.290
      49   59.558  162.290
      50   59.558  162.290
      51   52.955  113.383
      52   52.955  113.383
      53   52.955  113.383
      54   52.955  113.383
      55   52.955  113.383
      56   52.955  113.383
      57   52.955  113.383
      58   52.955  113.383
      59   52.955  113.383
      60   52.955  113.383
      61   52.955  113.383
      62   52.955  113.383
      63   52.955  113.383
      64   52.955  113.383
      65   52.955  113.383
      66   52.955  113.383
      67   52.955  113.383
      68   52.955  113.383
      69   52.955  113.383
      70   52.955  113.383
      71   52.955  113.383
      72   52.955  113.383
      73   52.955  113.383
      74   52.955  113.383
      75   52.955  113.383
      76   52.955  113.383
      77   52.955  113.383
      78   52.955  113.383
      79   52.955  113.383
      80   52.955  113.383
      81   52.955  113.383
      82   52.955  113.383
      83   52.955  113.383
      84   52.955  113.383
      85   52.955  113.383
      86   52.955  113.383
      87   52.955  113.383
      88   52.955  113.383
      89   52.955  113.383
      90   52.955  113.383
      91   52.955  113.383
      92   52.955  113.383
      93   52.955  113.383
      94   52.955  113.383
      95   52.955  113.383
      96   52.955  113.383
      97   52.955  113.383
      98   52.955  113.383
      99   52.955  113.383
     100   52.955  113.383
     101   49.560   96.774
     102   49.560   96.774
     103   49.560   96.774
     104   49.560   96.774
     105   49.560   96.774
     106   49.560   96.774
     107   49.560   96.774
     108   49.560   96.774
     109   49.560   96.774
     110   49.560   96.774
     111   48.953   96.767
     112   48.953   96.767
     113   48.953   96.767
     114   48.953   96.767
     115   48.953   96.767
     116   48.953   96.767
     117   48.953   96.767
     118   48.953   96.767
     119   48.953   96.767
     120   48.953   96.767
     121   48.953   96.767
     122   48.953   96.767
     123   48.953   96.767
     124   48.953   96.767
     125   48.953   96.767
     126   48.953   96.767
     127   48.953   96.767
     128   48.953   96.767
     129   48.953   96.767
     130   48.953   96.767
     131   48.547   96.763
     132   48.547   96.763
     133   48.547   96.763
     134   48.547   96.763
     135   48.547   96.763
     136   48.547   96.763
     137   48.547   96.763
     138   48.547   96.763
     139   48.547   96.763
     140   48.547   96.763
     141   48.547   96.763
     142   48.547   96.763
     143   48.547   96.763
     144   48.547   96.763
     145   48.547   96.763
     146   48.547   96.763
     147   48.547   96.763
     148   48.547   96.763
     149   48.547   96.763
     150   48.547   96.763
     151   48.581   89.123
     152   48.581   89.123
     153   48.581   89.123
     154   48.581   89.123
     155   48.581   89.123
     156   48.581   89.123
     157   48.581   89.123
     158   48.581   89.123
     159   48.581   89.123
     160   48.581   89.123
     161   48.581   89.123
     162   48.581   89.123
     163   48.581   89.123
     164   48.581   89.123
     165   48.581   89.123
     166   48.581   89.123
     167   48.581   89.123
     168   48.581   89.123
     169   48.581   89.123
     170   48.581   89.123
     171   48.581   89.123
     172   48.581   89.123
     173   48.581   89.123
     174   48.581   89.123
     175   48.581   89.123
     176   48.581   89.123
     177   48.581   89.123
     178   48.581   89.123
     179   48.581   89.123
     180   48.581   89.123
     181   48.581   89.123
     182   48.581   89.123
     183   48.581   89.123
     184   48.581   89.123
     185   48.581   89.123
     186   48.581   89.123
     187   48.581   89.123
     188   48.581   89.123
     189   48.581   89.123
     190   48.581   89.123
     191   47.934   89.117
     192   47.934   89.117
     193   47.934   89.117
     194   47.934   89.117
     195   47.934   89.117
     196   47.934   89.117
     197   47.934   89.117
     198   47.934   89.117
     199   47.934   89.117
     200   47.934   89.117
     201   48.672   83.485
     202   48.672   83.485
     203   48.672   83.485
     204   48.672   83.485
     205   48.672   83.485
     206   48.672   83.485
     207   48.672   83.485
     208   48.672   83.485
     209   48.672   83.485
     210   48.672   83.485
     211   48.672   83.485
     212   48.672   83.485
     213   48.672   83.485
     214   48.672   83.485
     215   48.672   83.485
     216   48.672   83.485
     217   48.672   83.485
     218   48.672   83.485
     219   48.672   83.485
     220   48.672   83.485
     221   47.379   83.472
     222   47.379   83.472
     223   47.379   83.472
     224   47.379   83.472
     225   47.379   83.472
     226   47.379   83.472
     227   47.379   83.472
     228   47.379   83.472
     229   47.379   83.472
     230   47.379   83.472
     231   47.379   83.472
     232   47.379   83.472
     233   47.379   83.472
     234   47.379   83.472
     235   47.379   83.472
     236   47.379   83.472
     237   47.379   83.472
     238   47.379   83.472
     239   47.379   83.472
     240   47.379   83.472
     241   47.379   83.472
     242   47.379   83.472
     243   47.379   83.472
     244   47.379   83.472
     245   47.379   83.472
     246   47.379   83.472
     247   47.379   83.472
     248   47.379   83.472
     249   47.379   83.472
     250   47.379   83.472
     251   46.338   78.596
     252   46.338   78.596
     253   46.338   78.596
     254   46.338   78.596
     255   46.338   78.596
     256   46.338   78.596
     257   46.338   78.596
     258   46.338   78.596
     259   46.338   78.596
     260   46.338   78.596
     261   45.616   78.589
     262   45.616   78.589
     263   45.616   78.589
     264   45.616   78.589
     265   45.616   78.589
     266   45.616   78.589
     267   45.616   78.589
     268   45.616   78.589
     269   45.616   78.589
     270   45.616   78.589
     271   45.505   78.588
     272   45.505   78.588
     273   45.505   78.588
     274   45.505   78.588
     275   45.505   78.588
     276   45.505   78.588
     277   45.505   78.588
     278   45.505   78.588
     279   45.505   78.588
     280   45.505   78.588
     281   45.505   78.588
     282   45.505   78.588
     283   45.505   78.588
     284   45.505   78.588
     285   45.505   78.588
     286   45.505   78.588
     287   45.505   78.588
     288   45.505   78.588
     289   45.505   78.588
     290   45.505   78.588
     291   45.505   78.588
     292   45.505   78.588
     293   45.505   78.588
     294   45.505   78.588
     295   45.505   78.588
     296   45.505   78.588
     297   45.505   78.588
     298   45.505   78.588
     299   45.505   78.588
     300   45.505   78.588
     301   45.435   76.170
     302   45.435   76.170
     303   45.435   76.170
     304   45.435   76.170
     305   45.435   76.170
     306   45.435   76.170
     307   45.435   76.170
     308   45.435   76.170
     309   45.435   76.170
     310   45.435   76.170
     311   45.435   76.170
     312   45.435   76.170
     313   45.435   76.170
     314   45.435   76.170
     315   45.435   76.170
     316   45.435   76.170
     317   45.435   76.170
     318   45.435   76.170
     319   45.435   76.170
     320   45.435   76.170
     321   45.435   76.170
     322   45.435   76.170
     323   45.435   76.170
     324   45.435   76.170
     325   45.435   76.170
     326   45.435   76.170
     327   45.435   76.170
     328   45.435   76.170
     329   45.435   76.170
     330   45.435   76.170
     331   44.542   76.161
     332   44.542   76.161
     333   44.542   76.161
     334   44.542   76.161
     335   44.542   76.161
     336   44.542   76.161
     337   44.542   76.161
     338   44.542   76.161
     339   44.542   76.161
     340   44.542   76.161
     341   44.542   76.161
     342   44.542   76.161
     343   44.542   76.161
     344   44.542   76.161
     345   44.542   76.161
     346   44.542   76.161
     347   44.542   76.161
     348   44.542   76.161
     349   44.542   76.161
     350   44.542   76.161
     351   43.884   74.281
     352   43.884   74.281
     353   43.884   74.281
     354   43.884   74.281
     355   43.884   74.281
     356   43.884   74.281
     357   43.884   74.281
     358   43.884   74.281
     359   43.884   74.281
     360   43.884   74.281
     361   43.884   74.281
     362   43.884   74.281
     363   43.884   74.281
     364   43.884   74.281
     365   43.884   74.281
     366   43.884   74.281
     367   43.884   74.281
     368   43.884   74.281
     369   43.884   74.281
     370   43.884   74.281
     371   43.712   74.280
     372   43.712   74.280
     373   43.712   74.280
     374   43.712   74.280
     375   43.712   74.280
     376   43.712   74.280
     377   43.712   74.280
     378   43.712   74.280
     379   43.712   74.280
     380   43.712   74.280
     381   43.408   74.277
     382   43.408   74.277
     383   43.408   74.277
     384   43.408   74.277
     385   43.408   74.277
     386   43.408   74.277
     387   43.408   74.277
     388   43.408   74.277
     389   43.408   74.277
     390   43.408   74.277
     391   43.408   74.277
     392   43.408   74.277
     393   43.408   74.277
     394   43.408   74.277
     395   43.408   74.277
     396   43.408   74.277
     397   43.408   74.277
     398   43.408   74.277
     399   43.408   74.277
     400   43.408   74.277
     401   44.144   73.568
     402   44.144   73.568
     403   44.144   73.568
     404   44.144   73.568
     405   44.144   73.568
     406   44.144   73.568
     407   44.144   73.568
     408   44.144   73.568
     409   44.144   73.568
     410   44.144   73.568
     411   44.144   73.568
     412   44.144   73.568
     413   44.144   73.568
     414   44.144   73.568
     415   44.144   73.568
     416   44.144   73.568
     417   44.144   73.568
     418   44.144   73.568
     419   44.144   73.568
     420   44.144   73.568
     421   44.144   73.568
     422   44.144   73.568
     423   44.144   73.568
     424   44.144   73.568
     425   44.144   73.568
     426   44.144   73.568
     427   44.144   73.568
     428   44.144   73.568
     429   44.144   73.568
     430   44.144   73.568
     431   43.847   73.566
     432   43.847   73.566
     433   43.847   73.566
     434   43.847   73.566
     435   43.847   73.566
     436   43.847   73.566
     437   43.847   73.566
     438   43.847   73.566
     439   43.847   73.566
     440   43.847   73.566
     441   43.847   73.566
     442   43.847   73.566
     443   43.847   73.566
     444   43.847   73.566
     445   43.847   73.566
     446   43.847   73.566
     447   43.847   73.566
     448   43.847   73.566
     449   43.847   73.566
     450   43.847   73.566
     451   41.867   71.786
     452   41.867   71.786
     453   41.867   71.786
     454   41.867   71.786
     455   41.867   71.786
     456   41.867   71.786
     457   41.867   71.786
     458   41.867   71.786
     459   41.867   71.786
     460   41.867   71.786
     461   41.867   71.786
     462   41.867   71.786
     463   41.867   71.786
     464   41.867   71.786
     465   41.867   71.786
     466   41.867   71.786
     467   41.867   71.786
     468   41.867   71.786
     469   41.867   71.786
     470   41.867   71.786
     471   41.417   71.782
     472   41.417   71.782
     473   41.417   71.782
     474   41.417   71.782
     475   41.417   71.782
     476   41.417   71.782
     477   41.417   71.782
     478   41.417   71.782
     479   41.417   71.782
     480   41.417   71.782
     481   41.417   71.782
     482   41.417   71.782
     483   41.417   71.782
     484   41.417   71.782
     485   41.417   71.782
     486   41.417   71.782
     487   41.417   71.782
     488   41.417   71.782
     489   41.417   71.782
     490   41.417   71.782
     491   41.345   71.781
     492   41.345   71.781
     493   41.345   71.781
     494   41.345   71.781
     495   41.345   71.781
     496   41.345   71.781
     497   41.345   71.781
     498   41.345   71.781
     499   41.345   71.781
     500   41.345   71.781
     501   41.580   70.843
     502   41.580   70.843
     503   41.580   70.843
     504   41.580   70.843
     505   41.580   70.843
     506   41.580   70.843
     507   41.580   70.843
     508   41.580   70.843
     509   41.580   70.843
     510   41.580   70.843
     511   41.580   70.843
     512   41.580   70.843
     513   41.580   70.843
     514   41.580   70.843
     515   41.580   70.843
     516   41.580   70.843
     517   41.580   70.843
     518   41.580   70.843
     519   41.580   70.843
     520   41.580   70.843
     521   41.580   70.843
     522   41.580   70.843
     523   41.580   70.843
     524   41.580   70.843
     525   41.580   70.843
     526   41.580   70.843
     527   41.580   70.843
     528   41.580   70.843
     529   41.580   70.843
     530   41.580   70.843
     531   41.580   70.843
     532   41.580   70.843
     533   41.580   70.843
     534   41.580   70.843
     535   41.580   70.843
     536   41.580   70.843
     537   41.580   70.843
     538   41.580   70.843
     539   41.580   70.843
     540   41.580   70.843
     541   41.580   70.843
     542   41.580   70.843
     543   41.580   70.843
     544   41.580   70.843
     545   41.580   70.843
     546   41.580   70.843
     547   41.580   70.843
     548   41.580   70.843
     549   41.580   70.843
     550   41.580   70.843
     551   40.213   69.941
     552   40.213   69.941
     553   40.213   69.941
     554   40.213   69.941
     555   40.213   69.941
     556   40.213   69.941
     557   40.213   69.941
     558   40.213   69.941
     559   40.213   69.941
     560   40.213   69.941
     561   40.213   69.941
     562   40.213   69.941
     563   40.213   69.941
     564   40.213   69.941
     565   40.213   69.941
     566   40.213   69.941
     567   40.213   69.941
     568   40.213   69.941
     569   40.213   69.941
     570   40.213   69.941
     571   40.213   69.941
     572   40.213   69.941
     573   40.213   69.941
     574   40.213   69.941
     575   40.213   69.941
     576   40.213   69.941
     577   40.213   69.941
     578   40.213   69.941
     579   40.213   69.941
     580   40.213   69.941
     581   40.213   69.941
     582   40.213   69.941
     583   40.213   69.941
     584   40.213   69.941
     585   40.213   69.941
     586   40.213   69.941
     587   40.213   69.941
     588   40.213   69.941
     589   40.213   69.941
     590   40.213   69.941
     591   40.213   69.941
     592   40.213   69.941
     593   40.213   69.941
     594   40.213   69.941
     595   40.213   69.941
     596   40.213   69.941
     597   40.213   69.941
     598   40.213   69.941
     599   40.213   69.941
     600   40.213   69.941
     601   40.213   69.338
     602   40.213   69.338
     603   40.213   69.338
     604   40.213   69.338
     605   40.213   69.338
     606   40.213   69.338
     607   40.213   69.338
     608   40.213   69.338
     609   40.213   69.338
     610   40.213   69.338
     611   40.213   69.338
     612   40.213   69.338
     613   40.213   69.338
     614   40.213   69.338
     615   40.213   69.338
     616   40.213   69.338
     617   40.213   69.338
     618   40.213   69.338
     619   40.213   69.338
     620   40.213   69.338
     621   40.213   69.338
     622   40.213   69.338
     623   40.213   69.338
     624   40.213   69.338
     625   40.213   69.338
     626   40.213   69.338
     627   40.213   69.338
     628   40.213   69.338
     629   40.213   69.338
     630   40.213   69.338
     631   40.105   69.337
     632   40.105   69.337
     633   40.105   69.337
     634   40.105   69.337
     635   40.105   69.337
     636   40.105   69.337
     637   40.105   69.337
     638   40.105   69.337
     639   40.105   69.337
     640   40.105   69.337
     641   40.105   69.337
     642   40.105   69.337
     643   40.105   69.337
     644   40.105   69.337
     645   40.105   69.337
     646   40.105   69.337
     647   40.105   69.337
     648   40.105   69.337
     649   40.105   69.337
     650   40.105   69.337
     651   39.645   68.628
     652   39.645   68.628
     653   39.645   68.628
     654   39.645   68.628
     655   39.645   68.628
     656   39.645   68.628
     657   39.645   68.628
     658   39.645   68.628
     659   39.645   68.628
     660   39.645   68.628
     661   39.645   68.628
     662   39.645   68.628
     663   39.645   68.628
     664   39.645   68.628
     665   39.645   68.628
     666   39.645   68.628
     667   39.645   68.628
     668   39.645   68.628
     669   39.645   68.628
     670   39.645   68.628
     671   39.645   68.628
     672   39.645   68.628
     673   39.645   68.628
     674   39.645   68.628
     675   39.645   68.628
     676   39.645   68.628
     677   39.645   68.628
     678   39.645   68.628
     679   39.645   68.628
     680   39.645   68.628
     681   39.645   68.628
     682   39.645   68.628
     683   39.645   68.628
     684   39.645   68.628
     685   39.645   68.628
     686   39.645   68.628
     687   39.645   68.628
     688   39.645   68.628
     689   39.645   68.628
     690   39.645   68.628
     691   39.645   68.628
     692   39.645   68.628
     693   39.645   68.628
     694   39.645   68.628
     695   39.645   68.628
     696   39.645   68.628
     697   39.645   68.628
     698   39.645   68.628
     699   39.645   68.628
     700   39.645   68.628
     701   39.645   68.073
     702   39.645   68.073
     703   39.645   68.073
     704   39.645   68.073
     705   39.645   68.073
     706   39.645   68.073
     707   39.645   68.073
     708   39.645   68.073
     709   39.645   68.073
     710   39.645   68.073
     711   39.645   68.073
     712   39.645   68.073
     713   39.645   68.073
     714   39.645   68.073
     715   39.645   68.073
     716   39.645   68.073
     717   39.645   68.073
     718   39.645   68.073
     719   39.645   68.073
     720   39.645   68.073
     721   39.645   68.073
     722   39.645   68.073
     723   39.645   68.073
     724   39.645   68.073
     725   39.645   68.073
     726   39.645   68.073
     727   39.645   68.073
     728   39.645   68.073
     729   39.645   68.073
     730   39.645   68.073
     731   39.645   68.073
     732   39.645   68.073
     733   39.645   68.073
     734   39.645   68.073
     735   39.645   68.073
     736   39.645   68.073
     737   39.645   68.073
     738   39.645   68.073
     739   39.645   68.073
     740   39.645   68.073
     741   39.111   68.068
     742   39.111   68.068
     743   39.111   68.068
     744   39.111   68.068
     745   39.111   68.068
     746   39.111   68.068
     747   39.111   68.068
     748   39.111   68.068
     749   39.111   68.068
     750   39.111   68.068
     751   39.111   67.821
     752   39.111   67.821
     753   39.111   67.821
     754   39.111   67.821
     755   39.111   67.821
     756   39.111   67.821
     757   39.111   67.821
     758   39.111   67.821
     759   39.111   67.821
     760   39.111   67.821
     761   39.111   67.821
     762   39.111   67.821
     763   39.111   67.821
     764   39.111   67.821
     765   39.111   67.821
     766   39.111   67.821
     767   39.111   67.821
     768   39.111   67.821
     769   39.111   67.821
     770   39.111   67.821
     771   39.111   67.821
     772   39.111   67.821
     773   39.111   67.821
     774   39.111   67.821
     775   39.111   67.821
     776   39.111   67.821
     777   39.111   67.821
     778   39.111   67.821
     779   39.111   67.821
     780   39.111   67.821
     781   39.111   67.821
     782   39.111   67.821
     783   39.111   67.821
     784   39.111   67.821
     785   39.111   67.821
     786   39.111   67.821
     787   39.111   67.821
     788   39.111   67.821
     789   39.111   67.821
     790   39.111   67.821
     791   39.111   67.821
     792   39.111   67.821
     793   39.111   67.821
     794   39.111   67.821
     795   39.111   67.821
     796   39.111   67.821
     797   39.111   67.821
     798   39.111   67.821
     799   39.111   67.821
     800   39.111   67.821
     801   39.111   67.293
     802   39.111   67.293
     803   39.111   67.293
     804   39.111   67.293
     805   39.111   67.293
     806   39.111   67.293
     807   39.111   67.293
     808   39.111   67.293
     809   39.111   67.293
     810   39.111   67.293
     811   39.111   67.293
     812   39.111   67.293
     813   39.111   67.293
     814   39.111   67.293
     815   39.111   67.293
     816   39.111   67.293
     817   39.111   67.293
     818   39.111   67.293
     819   39.111   67.293
     820   39.111   67.293
     821   38.955   67.291
     822   38.955   67.291
     823   38.955   67.291
     824   38.955   67.291
     825   38.955   67.291
     826   38.955   67.291
     827   38.955   67.291
     828   38.955   67.291
     829   38.955   67.291
     830   38.955   67.291
     831   38.955   67.291
     832   38.955   67.291
     833   38.955   67.291
     834   38.955   67.291
     835   38.955   67.291
     836   38.955   67.291
     837   38.955   67.291
     838   38.955   67.291
     839   38.955   67.291
     840   38.955   67.291
     841   38.955   67.291
     842   38.955   67.291
     843   38.955   67.291
     844   38.955   67.291
     845   38.955   67.291
     846   38.955   67.291
     847   38.955   67.291
     848   38.955   67.291
     849   38.955   67.291
     850   38.955   67.291
     851   39.197   67.108
     852   39.197   67.108
     853   39.197   67.108
     854   39.197   67.108
     855   39.197   67.108
     856   39.197   67.108
     857   39.197   67.108
     858   39.197   67.108
     859   39.197   67.108
     860   39.197   67.108
     861   39.197   67.108
     862   39.197   67.108
     863   39.197   67.108
     864   39.197   67.108
     865   39.197   67.108
     866   39.197   67.108
     867   39.197   67.108
     868   39.197   67.108
     869   39.197   67.108
     870   39.197   67.108
     871   38.647   67.102
     872   38.647   67.102
     873   38.647   67.102
     874   38.647   67.102
     875   38.647   67.102
     876   38.647   67.102
     877   38.647   67.102
     878   38.647   67.102
     879   38.647   67.102
     880   38.647   67.102
     881   38.647   67.102
     882   38.647   67.102
     883   38.647   67.102
     884   38.647   67.102
     885   38.647   67.102
     886   38.647   67.102
     887   38.647   67.102
     888   38.647   67.102
     889   38.647   67.102
     890   38.647   67.102
     891   38.569   67.101
     892   38.569   67.101
     893   38.569   67.101
     894   38.569   67.101
     895   38.569   67.101
     896   38.569   67.101
     897   38.569   67.101
     898   38.569   67.101
     899   38.569   67.101
     900   38.569   67.101
     901   39.417   66.934
     902   39.417   66.934
     903   39.417   66.934
     904   39.417   66.934
     905   39.417   66.934
     906   39.417   66.934
     907   39.417   66.934
     908   39.417   66.934
     909   39.417   66.934
     910   39.417   66.934
     911   39.417   66.934
     912   39.417   66.934
     913   39.417   66.934
     914   39.417   66.934
     915   39.417   66.934
     916   39.417   66.934
     917   39.417   66.934
     918   39.417   66.934
     919   39.417   66.934
     920   39.417   66.934
     921   39.417   66.934
     922   39.417   66.934
     923   39.417   66.934
     924   39.417   66.934
     925   39.417   66.934
     926   39.417   66.934
     927   39.417   66.934
     928   39.417   66.934
     929   39.417   66.934
     930   39.417   66.934
     931   39.417   66.934
     932   39.417   66.934
     933   39.417   66.934
     934   39.417   66.934
     935   39.417   66.934
     936   39.417   66.934
     937   39.417   66.934
     938   39.417   66.934
     939   39.417   66.934
     940   39.417   66.934
     941   39.417   66.934
     942   39.417   66.934
     943   39.417   66.934
     944   39.417   66.934
     945   39.417   66.934
     946   39.417   66.934
     947   39.417   66.934
     948   39.417   66.934
     949   39.417   66.934
     950   39.417   66.934
     951   38.602   66.468
     952   38.602   66.468
     953   38.602   66.468
     954   38.602   66.468
     955   38.602   66.468
     956   38.602   66.468
     957   38.602   66.468
     958   38.602   66.468
     959   38.602   66.468
     960   38.602   66.468
     961   38.602   66.468
     962   38.602   66.468
     963   38.602   66.468
     964   38.602   66.468
     965   38.602   66.468
     966   38.602   66.468
     967   38.602   66.468
     968   38.602   66.468
     969   38.602   66.468
     970   38.602   66.468
     971   38.602   66.468
     972   38.602   66.468
     973   38.602   66.468
     974   38.602   66.468
     975   38.602   66.468
     976   38.602   66.468
     977   38.602   66.468
     978   38.602   66.468
     979   38.602   66.468
     980   38.602   66.468
     981   38.602   66.468
     982   38.602   66.468
     983   38.602   66.468
     984   38.602   66.468
     985   38.602   66.468
     986   38.602   66.468
     987   38.602   66.468
     988   38.602   66.468
     989   38.602   66.468
     990   38.602   66.468
     991   38.022   66.462
     992   38.022   66.462
     993   38.022   66.462
     994   38.022   66.462
     995   38.022   66.462
     996   38.022   66.462
     997   38.022   66.462
     998   38.022   66.462
     999   38.022   66.462
    1000   38.022   66.462
