 0       -1       113.0250533950       208.4061355269         1.0000000000        10.3588943481
 0        0       113.0250533950       208.4061355269         1.0000000000        10.3588943481
 0       10       113.0250533950       203.6320551415         1.0000000000        10.3588943481
 0       20       113.0250533950       201.2235731301         1.0000000000        10.3588943481
 0       30       113.0250533950       200.4561878858         1.0000000000        10.3588943481
 0       40       113.0250533950       198.9683546203         1.0000000000        10.3588943481
 0       50       113.0250533950       198.1999705700         1.0000000000        10.3588943481
 0       60       113.0250533950       195.3878050305         1.0000000000        10.3588943481
 0       70       113.0250533950       194.3175869857         0.8062606606        10.3588943481
 0       80       113.0250533950       192.5041204577         0.8062606606        10.3588943481
 0       90       113.0250533950       191.1778912410         0.8062606606        10.3588943481
 0      100       113.0250533950       190.2160913781         0.8062606606        10.3588943481
 0      110       113.0250533950       188.6683521848         0.7485234304        10.3588943481
 0      120       113.0250533950       187.6304344269         0.7485234304        10.3588943481
 0      130       113.0250533950       185.0597241533         0.7883531836        10.3588943481
 0      140       113.0250533950       184.5103658497         0.7883531836        10.3588943481
 0      150       113.0250533950       181.8552806235         0.7883531836        10.3588943481
 0      160       113.0250533950       179.9616859779         0.7883531836        10.3588943481
 0      170       113.0250533950       179.6923859585         0.7883531836        10.3588943481
 0      180       113.0250533950       179.2952811407         0.7883531836        10.3588943481
 0      190       113.0250533950       178.6000151507         0.7883531836        10.3588943481
 0      200       113.0250533950       177.0781596438         0.7883531836        10.3588943481
 0      210       113.0250533950       176.9161006266         0.7883531836        10.3588943481
 0      220       113.0250533950       175.1370203196         0.7883531836        10.3588943481
 0      230       113.0250533950       172.3431419363         0.7883531836        10.3588943481
 0      240       113.0250533950       171.5400209775         0.7883531836        10.3588943481
 0      250       113.0250533950       169.0356025170         0.7883531836        10.3588943481
 0      260       113.0250533950       165.9092461653         0.7883531836        10.3588943481
 0      270       113.0250533950       162.2959879486         0.9312779622        10.3588943481
 0      280       113.0250533950       160.6399315485         0.9312779622        10.3588943481
 0      290       113.0250533950       159.5749531486         0.9312779622        10.3588943481
 0      300       113.0250533950       158.3662013855         0.9312779622        10.3588943481
 0      310       113.0250533950       155.8538004164         0.9312779622        10.3588943481
 0      320       113.0250533950       153.4994823679         1.0000000000        10.3588943481
 0      330       100.8791246810       152.0081332918         1.0000000000        10.3588943481
 0      340       100.8791246810       151.4564261074         1.0000000000        10.3588943481
 0      350       100.8791246810       151.0970754818         1.0000000000        10.3588943481
 0      360       100.8791246810       148.8894045276         1.0000000000        10.3588943481
 0      370       100.8791246810       148.0892192709         1.0000000000        10.3588943481
 0      380       100.8791246810       147.5101069988         1.0000000000        10.3588943481
 0      390       100.8791246810       145.9085151815         1.0000000000        10.3588943481
 0      400       100.8791246810       145.0345120057         1.0000000000        10.3588943481
 0      410       100.8791246810       143.7238800806         1.0000000000        10.3588943481
 0      420       100.8791246810       143.1769618504         1.0000000000        10.3588943481
 0      430       100.8791246810       142.3847398009         1.0000000000        10.3588943481
 0      440       100.8791246810       141.8544060889         1.0000000000        10.3588943481
 0      450       100.8791246810       141.0937110238         1.0000000000        10.3588943481
 0      460       100.8791246810       139.8219790513         1.0000000000        10.3588943481
 0      470        99.8231917963       138.7565570484         1.0000000000        10.3588943481
 0      480        99.8231917963       138.0960588520         1.0000000000        10.3588943481
 0      490        99.8231917963       137.7927566814         1.0000000000        10.3588943481
 0      500        99.8231917963       136.4939742750         1.0000000000        10.3588943481
 0      510        99.8231917963       135.6273165080         1.0000000000        10.3588943481
 0      520        99.8231917963       135.0564002569         1.0000000000        10.3588943481
 0      530        99.8231917963       133.2931826365         1.0000000000        10.3588943481
 0      540        99.8231917963       132.8534126316         1.0000000000        10.3588943481
 0      550        99.8231917963       131.3744051981         0.0026185677        10.3588943481
 0      560        99.8231917963       129.7576292110         0.0026185677        10.3588943481
 0      570        99.8231917963       127.4899476263         0.0010130652        10.3588943481
 0      580        99.2640066298       124.7058022699         0.0010130652        10.3588943481
 0      590        99.2640066298       121.9528520053         0.0028617146        10.3588943481
 0      600        98.6250671989       115.4012508235         0.0028617146        10.3588943481
 0      610        96.6246142881       108.4740084518         0.0028927989         9.4552755356
 0      620        94.3155866881        99.3564538896         0.0069332591         8.8197717667
 0      630        91.5975817614        93.2480603210         0.0041400208         8.9190273285
 0      640        87.4501080576        89.8458319531         0.0072355339         8.7620716095
 0      650        84.5713353566        87.0535506736         0.0060154676         8.7693157196
 0      660        83.5361567520        84.6999909768         0.0041205479         8.7679824829
 0      670        82.2774627756        83.3801142218         0.0074889573         8.7610673904
 0      680        80.5437408825        81.9922418865         0.0077672569         8.7631473541
 0      690        79.9387486333        80.7600553117         0.0057620175         8.7770977020
 0      700        78.9688965133        80.0214878914         0.0078301366         8.7798471451
 0      710        78.9688965133        79.4671897744         0.0027044823         8.7745027542
 0      720        78.5456536472        79.1527814079         0.0033234955         8.7681140900
 0      730        78.5456536472        78.9793514779         0.0029307571         8.7675981522
 0      740        78.4557846930        78.8081703957         0.0023883777         8.7675981522
 0      750        78.4350180830        78.6969345161         0.0015926607         8.7621564865
 0      760        78.1849471467        78.5983278646         0.0022416535         8.7621564865
 0      770        78.1041848305        78.5067260817         0.0022416535         8.7798023224
 0      780        78.0893666924        78.3848581274         0.0024162717         8.7756767273
 0      790        77.8897192041        78.1966429197         0.0020208448         8.7802581787
 0      800        77.8897192041        78.1057959789         0.0014968571         8.7783079147
 0      810        77.8531077404        78.0205207392         0.0015571853         8.7817907333
 0      820        77.8275570175        77.9542194228         0.0017190384         8.7817907333
 0      830        77.7811907752        77.8916924951         0.0009946011         8.7808151245
 0      840        77.7671719566        77.8552818138         0.0010912829         8.7867879868
 0      850        77.7449002208        77.8273292333         0.0006475183         8.7809591293
 0      860        77.7153631692        77.7993017055         0.0006933518         8.7839088440
 0      870        77.6811206925        77.7707502394         0.0004594024         8.7836208344
 0      880        77.6432735025        77.7475598869         0.0003530267         8.7830076218
 0      890        77.6254374268        77.7263203939         0.0008765560         8.7848119736
 0      900        77.6254374268        77.7057636576         0.0008765560         8.7866020203
 0      910        77.6254374268        77.6723344331         0.0027222375         8.7866020203
 0      920        77.5967502601        77.6473956658         0.0002366026         8.7865562439
 0      930        77.5784953960        77.6291571290         0.0002605423         8.7865562439
 0      940        77.5784953960        77.6142614624         0.0001970181         8.7865562439
 0      950        77.5684178711        77.6010147449         0.0001680526         8.7855262756
 0      960        77.5564836996        77.5908810013         0.0002115715         8.7856931686
 0      970        77.5538209850        77.5791642981         0.0001713689         8.7859277725
 0      980        77.5538209850        77.5725790610         0.0001235680         8.7859277725
 0      990        77.5377755070        77.5614707084         0.0001043497         8.7857046127
 0     1000        77.5346993294        77.5516574027         0.0001434429         8.7854261398
 0     1010        77.5346993294        77.5429585390         0.0000845191         8.7853622437
 0     1020        77.5326188904        77.5370851794         0.0000632230         8.7855272293
 0     1030        77.5298938550        77.5333660956         0.0000454881         8.7856607437
 0     1040        77.5290310621        77.5310001718         0.0000337794         8.7856855392
 0     1050        77.5262962480        77.5293359269         0.0000345397         8.7856922150
 0     1060        77.5254783255        77.5272069054         0.0000332579         8.7855386734
 0     1070        77.5246094337        77.5257515020         0.0000277504         8.7856693268
 0     1080        77.5238229542        77.5247715556         0.0000172995         8.7856903076
 0     1090        77.5232125047        77.5238474960         0.0000186524         8.7856197357
 0     1100        77.5225077441        77.5230221804         0.0000183984         8.7856082916
 0     1110        77.5220013768        77.5224116421         0.0000098379         8.7856187820
 0     1120        77.5215301874        77.5218787441         0.0000334941         8.7856187820
 0     1130        77.5211713025        77.5214591548         0.0000175296         8.7857027054
 0     1140        77.5208646374        77.5211013290         0.0000214964         8.7856149673
 0     1150        77.5206954235        77.5208736144         0.0000190919         8.7855978012
 0     1160        77.5206505057        77.5207352552         0.0000161299         8.7855978012
 0     1170        77.5205733569        77.5206469653         0.0000099673         8.7856149673
 0     1180        77.5205185413        77.5205789875         0.0000117092         8.7856035233
 0     1190        77.5204401473        77.5204940506         0.0000157947         8.7856369019
 0     1200        77.5203428298        77.5203918288         0.0000088626         8.7856197357
 0     1210        77.5198729440        77.5202651858         0.0000102436         8.7855987549
 0     1220        77.5195467481        77.5198007948         0.0000174841         8.7856245041
 0     1230        77.5193910235        77.5195292008         0.0000085364         8.7855739594
 0     1240        77.5192386496        77.5193501676         0.0000113660         8.7855253220
 0     1250        77.5191181202        77.5192146255         0.0000115929         8.7855052948
 0     1260        77.5190088673        77.5190748385         0.0000132349         8.7855024338
 0     1270        77.5189270085        77.5189916844         0.0000115418         8.7854890823
 0     1280        77.5188711503        77.5189364439         0.0000155626         8.7854480743
 0     1290        77.5188332469        77.5188754964         0.0000089583         8.7855033875
 0     1300        77.5187842879        77.5188271021         0.0000069323         8.7854804993
 0     1310        77.5187564428        77.5187872630         0.0000108720         8.7854671478
 0     1320        77.5187098608        77.5187501655         0.0000118221         8.7855005264
 0     1330        77.5186751558        77.5187029856         0.0000081408         8.7854757309
 0     1340        77.5186200035        77.5186531211         0.0000059381         8.7855062485
 0     1350        77.5185953138        77.5186173443         0.0000093715         8.7855195999
 0     1360        77.5185662687        77.5185870388         0.0000074016         8.7855195999
 0     1370        77.5185527894        77.5185687679         0.0000031737         8.7855138779
 0     1380        77.5185409968        77.5185504377         0.0000125629         8.7854890823
 0     1390        77.5185252582        77.5185355402         0.0000095967         8.7854881287
