 0       -1        95.4367640158       218.0459329590         1.0000000000        10.5583381653
 0        0        95.4367640158       218.0459329590         1.0000000000        10.5583381653
 0       10        95.4367640158       209.5889770873         0.7684983828        10.5583381653
 0       20        95.4367640158       204.7737545841         0.7684983828        10.5583381653
 0       30        95.4367640158       201.8949414233         0.7684983828        10.5583381653
 0       40        95.4367640158       198.4471944616         0.9584541087        10.5583381653
 0       50        95.4367640158       192.6270617953         0.9584541087        10.5583381653
 0       60        95.4367640158       190.4286725668         0.9584541087        10.5583381653
 0       70        95.4367640158       186.3753873907         0.9584541087        10.5583381653
 0       80        95.4367640158       181.1135126952         0.9584541087        10.5583381653
 0       90        95.4367640158       177.4062014967         0.9584541087        10.5583381653
 0      100        95.4367640158       172.3051591057         0.9584541087        10.5583381653
 0      110        95.4367640158       166.6987036904         1.0000000000        10.5583381653
 0      120        95.4367640158       163.5334190685         1.0000000000        10.5583381653
 0      130        95.4367640158       162.0267719510         1.0000000000        10.5583381653
 0      140        95.4367640158       159.9552250588         1.0000000000        10.5583381653
 0      150        95.4367640158       155.7525017690         1.0000000000        10.5583381653
 0      160        95.4367640158       153.7928977634         1.0000000000        10.5583381653
 0      170        95.4367640158       152.7915922075         1.0000000000        10.5583381653
 0      180        95.4367640158       150.1409923273         1.0000000000        10.5583381653
 0      190        95.4367640158       148.9952011107         0.9921816951        10.5583381653
 0      200        95.4367640158       147.6611708766         0.9921816951        10.5583381653
 0      210        95.4367640158       146.3384541072         0.9038815724        10.5583381653
 0      220        95.4367640158       144.9246315223         0.7747395748        10.5583381653
 0      230        95.4367640158       143.5025969963         0.7747395748        10.5583381653
 0      240        95.4367640158       142.5306000144         0.7747395748        10.5583381653
 0      250        95.4367640158       142.0130227395         0.7747395748        10.5583381653
 0      260        95.4367640158       140.5511490251         0.7747395748        10.5583381653
 0      270        95.4367640158       139.7798738486         0.7747395748        10.5583381653
 0      280        95.4367640158       138.3704817259         0.7747395748        10.5583381653
 0      290        95.4367640158       137.7096743088         0.7747395748        10.5583381653
 0      300        95.4367640158       136.7687605153         0.7747395748        10.5583381653
 0      310        95.4367640158       136.1850875044         0.7747395748        10.5583381653
 0      320        95.4367640158       135.9839948026         0.7747395748        10.5583381653
 0      330        95.4367640158       135.9648300013         0.7747395748        10.5583381653
 0      340        95.4367640158       135.5918069995         0.7747395748        10.5583381653
 0      350        95.4367640158       135.3144462922         0.7747395748        10.5583381653
 0      360        95.4367640158       134.7182468163         0.7747395748        10.5583381653
 0      370        95.4367640158       133.8756172313         0.7747395748        10.5583381653
 0      380        95.4367640158       132.9533106174         0.7747395748        10.5583381653
 0      390        95.4367640158       132.3864077602         0.7747395748        10.5583381653
 0      400        95.4367640158       131.7768188025         0.7747395748        10.5583381653
 0      410        95.4367640158       131.5329763104         0.7747395748        10.5583381653
 0      420        95.4367640158       130.3322782351         0.9594734146        10.5583381653
 0      430        95.4367640158       129.0245396896         0.8994836818        10.5583381653
 0      440        95.4367640158       127.9437519419         0.0060743007        10.5583381653
 0      450        95.4367640158       127.1713818816         0.0237555769        10.5583381653
 0      460        94.0945535853       124.8987025247         0.0237555769        10.5583381653
 0      470        94.0945535853       123.8657536203         0.0237555769        10.5583381653
 0      480        94.0945535853       121.7709818912         0.0237555769        10.5583381653
 0      490        94.0945535853       120.3894836134         0.0237555769        10.5583381653
 0      500        94.0945535853       117.6716626166         0.0017579929        10.5583381653
 0      510        94.0945535853       112.6110236434         0.0033603189        10.5583381653
 0      520        92.9116103493       103.5417797166         0.0011891013        10.5297908783
 0      530        89.7299159156        91.6925557909         0.0037361494        10.4658727646
 0      540        88.8229093808        89.4976412569         0.0064829912        10.3331899643
 0      550        88.0093363118        88.8209636648         0.0022089416        10.2470321655
 0      560        87.5566455745        88.5000744926         0.0046806386        10.0477066040
 0      570        87.0086383019        88.1562977261         0.0025771846        10.1067390442
 0      580        86.7259774500        87.4576763329         0.0013789029        10.0251903534
 0      590        86.7259774500        87.1485929200         0.0012982719        10.0253248215
 0      600        86.6843373434        86.9865951346         0.0018476290        10.0253248215
 0      610        86.5463267374        86.8362978064         0.0013313226        10.0246181488
 0      620        86.5073947048        86.6808248612         0.0005714539        10.0328388214
 0      630        86.4907005749        86.5791490901         0.0005854505        10.0329084396
 0      640        86.4005922197        86.5137633955         0.0006081054        10.0380477905
 0      650        86.4005922197        86.4789670274         0.0005069914        10.0434179306
 0      660        86.3963645931        86.4554316942         0.0002388883        10.0381002426
 0      670        86.3825295196        86.4304224538         0.0001535894        10.0381002426
 0      680        86.3783709647        86.4072521924         0.0002002615        10.0356636047
 0      690        86.3316203306        86.3835454452         0.0001380406        10.0369224548
 0      700        86.3243616384        86.3689292913         0.0001467204        10.0371532440
 0      710        86.3200809622        86.3472396286         0.0001009088        10.0367136002
 0      720        86.3150004763        86.3233255498         0.0000967289        10.0373640060
 0      730        86.3080391210        86.3153828950         0.0000998858        10.0373640060
 0      740        86.3047703260        86.3102621147         0.0000949045        10.0362024307
 0      750        86.3030694324        86.3058374515         0.0000870218        10.0373392105
 0      760        86.2983503343        86.3015649220         0.0001515859        10.0366401672
 0      770        86.2961232739        86.2986094496         0.0000544251        10.0372362137
 0      780        86.2950827485        86.2970355429         0.0000652011        10.0373001099
 0      790        86.2940302665        86.2956836201         0.0000271294        10.0368423462
 0      800        86.2929105274        86.2944040808         0.0000357214        10.0371742249
 0      810        86.2675503957        86.2927198941         0.0000555924        10.0376405716
 0      820        86.2666904851        86.2874823672         0.0000950082        10.0375251770
 0      830        86.2658567538        86.2756428517         0.0000161887        10.0368223190
 0      840        86.2653237990        86.2664398038         0.0000307838        10.0364465714
 0      850        86.2641996518        86.2652616004         0.0000563630        10.0365333557
 0      860        86.2635591224        86.2642593880         0.0000294802        10.0367641449
 0      870        86.2623605326        86.2633088901         0.0000276076        10.0368661880
 0      880        86.2617511501        86.2627284813         0.0000221222        10.0368661880
 0      890        86.2611413005        86.2619995567         0.0000182516        10.0371932983
 0      900        86.2607554293        86.2612077095         0.0000188268        10.0375385284
 0      910        86.2604342805        86.2607113033         0.0000157483        10.0374240875
 0      920        86.2602395704        86.2604435805         0.0000098910        10.0374259949
 0      930        86.2600848559        86.2602605112         0.0000086067        10.0375528336
 0      940        86.2599620105        86.2600935024         0.0000044297        10.0375509262
 0      950        86.2598766629        86.2599667522         0.0000034131        10.0376548767
 0      960        86.2598122276        86.2598791300         0.0000038577        10.0376214981
 0      970        86.2597191142        86.2597894741         0.0000035589        10.0376377106
 0      980        86.2596662602        86.2597036453         0.0000056040        10.0376586914
 0      990        86.2596264394        86.2596609567         0.0000068655        10.0376796722
 0     1000        86.2595903908        86.2596288592         0.0000048139        10.0377006531
 0     1010        86.2595758649        86.2595984658         0.0000041335        10.0377397537
 0     1020        86.2595367149        86.2595644448         0.0000051828        10.0377168655
 0     1030        86.2594852353        86.2595161527         0.0000076372        10.0376348495
 0     1040        86.2594555501        86.2594777023         0.0000046784        10.0376091003
 0     1050        86.2594056946        86.2594378782         0.0000095606        10.0375394821
 0     1060        86.2593508964        86.2593874397         0.0000054086        10.0375719070
 0     1070        86.2592974840        86.2593336748         0.0000050012        10.0375356674
 0     1080        86.2592788471        86.2592975387         0.0000040421        10.0375041962
 0     1090        86.2592573742        86.2592733070         0.0000036799        10.0375604630
 0     1100        86.2592488016        86.2592566346         0.0000126477        10.0375471115
 0     1110        86.2592313088        86.2592398484         0.0000040562        10.0376329422
 0     1120        86.2592149359        86.2592248430         0.0000064009        10.0376348495
 0     1130        86.2592067324        86.2592131278         0.0000055023        10.0376424789
 0     1140        86.2591962845        86.2592031339         0.0000018947        10.0376844406
 0     1150        86.2591922473        86.2591959276         0.0000029498        10.0376911163
 0     1160        86.2591851796        86.2591886907         0.0000048859        10.0377120972
 0     1170        86.2591807796        86.2591836671         0.0000061488        10.0376749039
 0     1180        86.2591758282        86.2591790702         0.0000020032        10.0376939774
 0     1190        86.2591716749        86.2591745492         0.0000044646        10.0377111435
 0     1200        86.2591699358        86.2591717050         0.0000041968        10.0377206802
