 0       -1        96.2764199819       213.5550910470         1.0000000000        12.1431379318
 0        0        96.2764199819       213.5550910470         1.0000000000        12.1431379318
 0       10        96.2764199819       205.2134144636         1.0000000000        12.1431379318
 0       20        96.2764199819       200.8222761902         1.0000000000        12.1431379318
 0       30        96.2764199819       198.2848048745         1.0000000000        12.1431379318
 0       40        96.2764199819       194.3548116604         1.0000000000        12.1431379318
 0       50        96.2764199819       189.6839418773         0.7192758309        12.1431379318
 0       60        96.2764199819       187.2872984827         0.8107617075        12.1431379318
 0       70        96.2764199819       185.6623686122         0.8107617075        12.1431379318
 0       80        96.2764199819       184.8503710602         0.8107617075        12.1431379318
 0       90        96.2764199819       183.3506805307         0.8107617075        12.1431379318
 0      100        96.2764199819       180.4375386857         0.9582354958        12.1431379318
 0      110        96.2764199819       178.4982948656         1.0000000000        12.1431379318
 0      120        96.2764199819       177.5700823039         1.0000000000        12.1431379318
 0      130        96.2764199819       174.3915938375         1.0000000000        12.1431379318
 0      140        96.2764199819       172.2379892807         1.0000000000        12.1431379318
 0      150        96.2764199819       170.6939320215         1.0000000000        12.1431379318
 0      160        96.2764199819       168.0226902874         1.0000000000        12.1431379318
 0      170        96.2764199819       164.4702256113         1.0000000000        12.1431379318
 0      180        96.2764199819       162.7281251527         1.0000000000        12.1431379318
 0      190        96.2764199819       161.6535372558         1.0000000000        12.1431379318
 0      200        96.2764199819       159.4199194400         1.0000000000        12.1431379318
 0      210        96.2764199819       158.5228804640         1.0000000000        12.1431379318
 0      220        96.2764199819       158.1237238672         1.0000000000        12.1431379318
 0      230        96.2764199819       157.1532084785         1.0000000000        12.1431379318
 0      240        96.2764199819       156.7923032878         1.0000000000        12.1431379318
 0      250        96.2764199819       155.2505344579         1.0000000000        12.1431379318
 0      260        96.2764199819       155.0552636226         1.0000000000        12.1431379318
 0      270        96.2764199819       152.8158400610         1.0000000000        12.1431379318
 0      280        96.2764199819       151.6656175082         1.0000000000        12.1431379318
 0      290        96.2764199819       150.7026909550         1.0000000000        12.1431379318
 0      300        96.2764199819       149.6601896333         1.0000000000        12.1431379318
 0      310        96.2764199819       148.9721055946         0.9515932942        12.1431379318
 0      320        96.2764199819       148.8081801255         0.8887011927        12.1431379318
 0      330        96.2764199819       146.8009320209         0.8887011927        12.1431379318
 0      340        96.2764199819       146.2611808135         0.8887011927        12.1431379318
 0      350        96.2764199819       145.6904052443         1.0000000000        12.1431379318
 0      360        96.2764199819       144.4372110415         1.0000000000        12.1431379318
 0      370        96.2764199819       144.0754283003         1.0000000000        12.1431379318
 0      380        96.2764199819       143.6056616499         1.0000000000        12.1431379318
 0      390        96.2764199819       143.2402890895         1.0000000000        12.1431379318
 0      400        96.2764199819       142.1729848193         1.0000000000        12.1431379318
 0      410        96.2764199819       141.5830203208         1.0000000000        12.1431379318
 0      420        96.2764199819       141.5405897374         1.0000000000        12.1431379318
 0      430        96.2764199819       141.1525092829         1.0000000000        12.1431379318
 0      440        96.2764199819       140.6061556342         0.6895100682        12.1431379318
 0      450        96.2764199819       140.6061556342         0.6895100682        12.1431379318
 0      460        96.2764199819       139.8561893715         0.6895100682        12.1431379318
 0      470        96.2764199819       139.5602479492         0.6895100682        12.1431379318
 0      480        96.2764199819       139.5602479492         0.6895100682        12.1431379318
 0      490        96.2764199819       139.2051106654         0.6895100682        12.1431379318
 0      500        96.2764199819       139.1933264108         0.6895100682        12.1431379318
 0      510        96.2764199819       138.5408693957         0.8817908500        12.1431379318
 0      520        96.2764199819       138.3934534263         0.8817908500        12.1431379318
 0      530        96.2764199819       138.3213105576         0.8817908500        12.1431379318
 0      540        96.2764199819       138.0088978149         0.8817908500        12.1431379318
 0      550        96.2764199819       137.8893611739         0.8817908500        12.1431379318
 0      560        96.2764199819       137.7771343764         0.8817908500        12.1431379318
 0      570        96.2764199819       137.2003689962         0.8817908500        12.1431379318
 0      580        96.2764199819       137.0616226304         0.8817908500        12.1431379318
 0      590        96.2764199819       136.8667997022         1.0000000000        12.1431379318
 0      600        96.2764199819       136.5612427072         1.0000000000        12.1431379318
 0      610        96.2764199819       136.4387733038         1.0000000000        12.1431379318
 0      620        96.2764199819       136.3763954837         1.0000000000        12.1431379318
 0      630        96.2764199819       136.2758826870         1.0000000000        12.1431379318
 0      640        96.2764199819       136.2758826870         1.0000000000        12.1431379318
 0      650        96.2764199819       136.0029850904         1.0000000000        12.1431379318
 0      660        96.2764199819       135.7273507142         1.0000000000        12.1431379318
 0      670        96.2764199819       135.5199347270         1.0000000000        12.1431379318
 0      680        96.2764199819       135.3789353002         1.0000000000        12.1431379318
 0      690        96.2764199819       135.3789353002         1.0000000000        12.1431379318
 0      700        96.2764199819       135.2127199362         1.0000000000        12.1431379318
 0      710        96.2764199819       135.1215597525         1.0000000000        12.1431379318
 0      720        96.2764199819       134.6082700186         1.0000000000        12.1431379318
 0      730        96.2764199819       134.6082700186         1.0000000000        12.1431379318
 0      740        96.2764199819       134.6082700186         1.0000000000        12.1431379318
 0      750        96.2764199819       134.5430798985         1.0000000000        12.1431379318
 0      760        96.2764199819       134.1408642296         1.0000000000        12.1431379318
 0      770        96.2764199819       134.1156127180         1.0000000000        12.1431379318
 0      780        96.2764199819       133.8672062791         1.0000000000        12.1431379318
 0      790        96.2764199819       133.8672062791         1.0000000000        12.1431379318
 0      800        96.2764199819       133.7478000425         1.0000000000        12.1431379318
 0      810        96.2764199819       133.5840791836         1.0000000000        12.1431379318
 0      820        96.2764199819       133.5840791836         1.0000000000        12.1431379318
 0      830        96.2764199819       133.5638985159         1.0000000000        12.1431379318
 0      840        96.2764199819       133.2520555918         1.0000000000        12.1431379318
 0      850        96.2764199819       132.9555720643         1.0000000000        12.1431379318
 0      860        96.2764199819       132.9555720643         1.0000000000        12.1431379318
 0      870        96.2764199819       132.6825932293         0.8956481131        12.1431379318
 0      880        96.2764199819       132.6749782482         0.8956481131        12.1431379318
 0      890        96.2764199819       132.3483113716         0.8956481131        12.1431379318
 0      900        96.2764199819       132.2367830498         0.8956481131        12.1431379318
 0      910        96.2764199819       132.2367830498         0.8956481131        12.1431379318
 0      920        96.2764199819       132.0701061183         0.8956481131        12.1431379318
 0      930        96.2764199819       132.0701061183         0.8956481131        12.1431379318
 0      940        96.2764199819       132.0701061183         0.8956481131        12.1431379318
 0      950        96.2764199819       131.9385435761         0.8956481131        12.1431379318
 0      960        96.2764199819       131.9063228199         0.8956481131        12.1431379318
 0      970        96.2764199819       131.7038231283         0.8956481131        12.1431379318
 0      980        96.2764199819       131.6435558780         0.8956481131        12.1431379318
 0      990        96.2764199819       131.5151759551         0.8956481131        12.1431379318
 0     1000        96.2764199819       131.5151759551         0.8956481131        12.1431379318
 0     1010        96.2764199819       131.5058528303         0.8956481131        12.1431379318
 0     1020        96.2764199819       131.4264028676         0.8956481131        12.1431379318
 0     1030        96.2764199819       131.3559031129         0.8956481131        12.1431379318
 0     1040        96.2764199819       131.0654484530         0.8956481131        12.1431379318
 0     1050        96.2764199819       130.9993518554         0.8956481131        12.1431379318
 0     1060        96.2764199819       130.8920579640         0.8956481131        12.1431379318
 0     1070        96.2764199819       130.8756717565         0.8956481131        12.1431379318
 0     1080        96.2764199819       130.8391194390         0.8956481131        12.1431379318
 0     1090        96.2764199819       130.6973398149         0.8956481131        12.1431379318
 0     1100        96.2764199819       130.6117159454         0.8956481131        12.1431379318
 0     1110        96.2764199819       130.5986179486         0.8956481131        12.1431379318
 0     1120        96.2764199819       130.5456368073         0.8956481131        12.1431379318
 0     1130        96.2764199819       130.2381751764         0.8956481131        12.1431379318
 0     1140        96.2764199819       130.2010915972         0.8956481131        12.1431379318
 0     1150        96.2764199819       130.1688394757         0.8956481131        12.1431379318
 0     1160        96.2764199819       130.0606669692         0.8956481131        12.1431379318
 0     1170        96.2764199819       130.0055236443         0.8956481131        12.1431379318
 0     1180        96.2764199819       130.0055236443         0.8956481131        12.1431379318
 0     1190        96.2764199819       130.0055236443         0.8956481131        12.1431379318
 0     1200        96.2764199819       130.0055236443         0.8956481131        12.1431379318
 0     1210        96.2764199819       130.0055236443         0.8956481131        12.1431379318
 0     1220        96.2764199819       130.0055236443         0.8956481131        12.1431379318
 0     1230        96.2764199819       130.0055236443         0.8956481131        12.1431379318
 0     1240        96.2764199819       130.0055236443         0.8956481131        12.1431379318
 0     1250        96.2764199819       130.0055236443         0.8956481131        12.1431379318
 0     1260        96.2764199819       130.0050188507         0.8956481131        12.1431379318
 0     1270        96.2764199819       129.9994140072         0.9658378404        12.1431379318
 0     1280        96.2764199819       129.9767889266         0.9658378404        12.1431379318
 0     1290        96.2764199819       129.9145898617         0.9658378404        12.1431379318
 0     1300        96.2764199819       129.8915026629         0.9658378404        12.1431379318
 0     1310        96.2764199819       129.7672442349         0.9658378404        12.1431379318
 0     1320        96.2764199819       129.5036641803         0.9658378404        12.1431379318
 0     1330        96.2764199819       129.3929545035         0.9658378404        12.1431379318
 0     1340        96.2764199819       129.3929545035         0.9658378404        12.1431379318
 0     1350        96.2764199819       129.3929545035         0.9658378404        12.1431379318
 0     1360        96.2764199819       129.3913061821         0.9658378404        12.1431379318
 0     1370        96.2764199819       129.3913061821         0.9658378404        12.1431379318
 0     1380        96.2764199819       129.3818942840         0.9658378404        12.1431379318
 0     1390        96.2764199819       129.3272527971         0.9658378404        12.1431379318
 0     1400        96.2764199819       129.3272527971         0.9658378404        12.1431379318
 0     1410        96.2764199819       129.3272527971         0.9658378404        12.1431379318
 0     1420        96.2764199819       129.2810938310         0.9658378404        12.1431379318
 0     1430        96.2764199819       129.2245825183         0.9658378404        12.1431379318
 0     1440        96.2764199819       128.9908551904         0.9658378404        12.1431379318
 0     1450        96.2764199819       128.9908551904         0.9658378404        12.1431379318
 0     1460        96.2764199819       128.8962443705         0.9658378404        12.1431379318
 0     1470        96.2764199819       128.8948867843         0.9658378404        12.1431379318
 0     1480        96.2764199819       128.8508713969         0.9658378404        12.1431379318
 0     1490        96.2764199819       128.8508713969         0.9658378404        12.1431379318
 0     1500        96.2764199819       128.8508713969         0.9658378404        12.1431379318
 0     1510        96.2764199819       128.5363229401         0.9658378404        12.1431379318
 0     1520        96.2764199819       128.5301825115         0.9658378404        12.1431379318
 0     1530        96.2764199819       128.2054303670         0.9658378404        12.1431379318
 0     1540        96.2764199819       128.2054303670         0.9658378404        12.1431379318
 0     1550        96.2764199819       127.8629332825         0.9658378404        12.1431379318
 0     1560        96.2764199819       127.8629332825         0.9658378404        12.1431379318
 0     1570        96.2764199819       127.8629332825         0.9658378404        12.1431379318
 0     1580        96.2764199819       127.7841708520         0.9658378404        12.1431379318
 0     1590        96.2764199819       127.7419242206         0.9658378404        12.1431379318
 0     1600        96.2764199819       127.7315680310         0.9658378404        12.1431379318
 0     1610        96.2764199819       127.7315680310         0.9658378404        12.1431379318
 0     1620        96.2764199819       127.6676064140         0.9658378404        12.1431379318
 0     1630        96.2764199819       127.6676064140         0.9658378404        12.1431379318
 0     1640        96.2764199819       127.5711894096         0.9658378404        12.1431379318
 0     1650        96.2764199819       127.5711894096         0.9658378404        12.1431379318
 0     1660        96.2764199819       127.5396305641         0.9658378404        12.1431379318
 0     1670        96.2764199819       127.3207840743         0.9658378404        12.1431379318
 0     1680        96.2764199819       127.1755473295         0.9658378404        12.1431379318
 0     1690        96.2764199819       127.1296076623         0.9658378404        12.1431379318
 0     1700        96.2764199819       127.1296076623         0.9658378404        12.1431379318
 0     1710        96.2764199819       126.9900341159         0.9658378404        12.1431379318
 0     1720        96.2764199819       126.9900341159         0.9658378404        12.1431379318
 0     1730        96.2764199819       126.8475597039         0.9658378404        12.1431379318
 0     1740        96.2764199819       126.8248788500         0.9658378404        12.1431379318
 0     1750        96.2764199819       126.8248788500         0.9658378404        12.1431379318
 0     1760        96.2764199819       126.8248788500         0.9658378404        12.1431379318
 0     1770        96.2764199819       126.8248788500         0.9658378404        12.1431379318
 0     1780        96.2764199819       126.7929120083         1.0000000000        12.1431379318
 0     1790        96.2764199819       126.6672754278         1.0000000000        12.1431379318
 0     1800        96.2764199819       126.6560294802         1.0000000000        12.1431379318
 0     1810        96.2764199819       126.6560294802         1.0000000000        12.1431379318
 0     1820        96.2764199819       126.6560294802         1.0000000000        12.1431379318
 0     1830        96.2764199819       126.6560294802         1.0000000000        12.1431379318
 0     1840        96.2764199819       126.5713440849         1.0000000000        12.1431379318
 0     1850        96.2764199819       126.5713440849         1.0000000000        12.1431379318
 0     1860        96.2764199819       126.5713440849         1.0000000000        12.1431379318
 0     1870        96.2764199819       126.5077618367         1.0000000000        12.1431379318
 0     1880        96.2764199819       126.5077618367         1.0000000000        12.1431379318
 0     1890        96.2764199819       126.5077618367         1.0000000000        12.1431379318
 0     1900        96.2764199819       126.5077618367         1.0000000000        12.1431379318
 0     1910        96.2764199819       126.4708382667         1.0000000000        12.1431379318
 0     1920        96.2764199819       126.4708382667         1.0000000000        12.1431379318
 0     1930        96.2764199819       126.4708382667         1.0000000000        12.1431379318
 0     1940        96.2764199819       126.4066122058         1.0000000000        12.1431379318
 0     1950        96.2764199819       126.4066122058         1.0000000000        12.1431379318
 0     1960        96.2764199819       126.4066122058         1.0000000000        12.1431379318
 0     1970        96.2764199819       126.4066122058         1.0000000000        12.1431379318
 0     1980        96.2764199819       126.1719855157         1.0000000000        12.1431379318
 0     1990        96.2764199819       126.1535253156         1.0000000000        12.1431379318
 0     2000        96.2764199819       126.1402458477         1.0000000000        12.1431379318
 0     2010        96.2764199819       125.9844301647         1.0000000000        12.1431379318
 0     2020        96.2764199819       125.8013547365         1.0000000000        12.1431379318
 0     2030        96.2764199819       125.6416628254         1.0000000000        12.1431379318
 0     2040        96.2764199819       125.5855865212         1.0000000000        12.1431379318
 0     2050        96.2764199819       125.5501118769         1.0000000000        12.1431379318
 0     2060        96.2764199819       125.5501118769         1.0000000000        12.1431379318
 0     2070        96.2764199819       125.5501118769         1.0000000000        12.1431379318
 0     2080        96.2764199819       125.5501118769         1.0000000000        12.1431379318
 0     2090        96.2764199819       125.5493817409         1.0000000000        12.1431379318
 0     2100        96.2764199819       125.4527233302         1.0000000000        12.1431379318
 0     2110        96.2764199819       125.4527233302         1.0000000000        12.1431379318
 0     2120        96.2764199819       125.4527233302         1.0000000000        12.1431379318
 0     2130        96.2764199819       125.3833349942         1.0000000000        12.1431379318
 0     2140        96.2764199819       125.3833349942         1.0000000000        12.1431379318
 0     2150        96.2764199819       125.3393747010         1.0000000000        12.1431379318
 0     2160        96.2764199819       125.1310915669         1.0000000000        12.1431379318
 0     2170        96.2764199819       125.1310915669         1.0000000000        12.1431379318
 0     2180        96.2764199819       125.1296897878         1.0000000000        12.1431379318
 0     2190        96.2764199819       125.1296897878         1.0000000000        12.1431379318
 0     2200        96.2764199819       125.1296897878         1.0000000000        12.1431379318
 0     2210        96.2764199819       124.8831700015         1.0000000000        12.1431379318
 0     2220        96.2764199819       124.8831700015         1.0000000000        12.1431379318
 0     2230        96.2764199819       124.8831700015         1.0000000000        12.1431379318
 0     2240        96.2764199819       124.8277660734         1.0000000000        12.1431379318
 0     2250        96.2764199819       124.7843079411         1.0000000000        12.1431379318
 0     2260        96.2764199819       124.7843079411         1.0000000000        12.1431379318
 0     2270        96.2764199819       124.7735924077         1.0000000000        12.1431379318
 0     2280        96.2764199819       124.7735924077         1.0000000000        12.1431379318
 0     2290        96.2764199819       124.7735924077         1.0000000000        12.1431379318
 0     2300        96.2764199819       124.6670556462         1.0000000000        12.1431379318
 0     2310        96.2764199819       124.6670556462         1.0000000000        12.1431379318
 0     2320        96.2764199819       124.6670556462         1.0000000000        12.1431379318
 0     2330        96.2764199819       124.6670556462         1.0000000000        12.1431379318
 0     2340        96.2764199819       124.4775734873         1.0000000000        12.1431379318
 0     2350        96.2764199819       124.3915126725         0.9993289936        12.1431379318
 0     2360        96.2764199819       124.3915126725         0.9993289936        12.1431379318
 0     2370        96.2764199819       124.3915126725         0.9993289936        12.1431379318
 0     2380        96.2764199819       124.3915126725         0.9993289936        12.1431379318
 0     2390        96.2764199819       124.3915126725         0.9993289936        12.1431379318
 0     2400        96.2764199819       124.3915126725         0.9993289936        12.1431379318
 0     2410        96.2764199819       124.3748941839         0.9993289936        12.1431379318
 0     2420        96.2764199819       124.1703271679         0.9993289936        12.1431379318
 0     2430        96.2764199819       124.1703271679         0.9993289936        12.1431379318
 0     2440        96.2764199819       124.1703271679         0.9993289936        12.1431379318
 0     2450        96.2764199819       124.1267875077         0.9479391373        12.1431379318
 0     2460        96.2764199819       124.1089059553         0.9479391373        12.1431379318
 0     2470        96.2764199819       124.0975365144         0.9479391373        12.1431379318
 0     2480        96.2764199819       124.0125171153         0.9479391373        12.1431379318
 0     2490        96.2764199819       123.9196822601         0.9479391373        12.1431379318
 0     2500        96.2764199819       123.9196822601         0.9479391373        12.1431379318
 0     2510        96.2764199819       123.9196822601         0.9479391373        12.1431379318
 0     2520        96.2764199819       123.8015186265         1.0000000000        12.1431379318
 0     2530        96.2764199819       123.7897008783         1.0000000000        12.1431379318
 0     2540        96.2764199819       123.7897008783         1.0000000000        12.1431379318
 0     2550        96.2764199819       123.7493130108         1.0000000000        12.1431379318
 0     2560        96.2764199819       123.7493130108         1.0000000000        12.1431379318
 0     2570        96.2764199819       123.6971713807         1.0000000000        12.1431379318
 0     2580        96.2764199819       123.6735300260         1.0000000000        12.1431379318
 0     2590        96.2764199819       123.6179252979         1.0000000000        12.1431379318
 0     2600        96.2764199819       123.6179252979         1.0000000000        12.1431379318
 0     2610        96.2764199819       123.3768967641         1.0000000000        12.1431379318
 0     2620        96.2764199819       123.3720009993         1.0000000000        12.1431379318
 0     2630        96.2764199819       123.3720009993         1.0000000000        12.1431379318
 0     2640        96.2764199819       123.3720009993         1.0000000000        12.1431379318
 0     2650        96.2764199819       123.3720009993         1.0000000000        12.1431379318
 0     2660        96.2764199819       123.3720009993         1.0000000000        12.1431379318
 0     2670        96.2764199819       123.3720009993         1.0000000000        12.1431379318
 0     2680        96.2764199819       123.1865958306         1.0000000000        12.1431379318
 0     2690        96.2764199819       123.1865958306         1.0000000000        12.1431379318
 0     2700        96.2764199819       123.1865958306         1.0000000000        12.1431379318
 0     2710        96.2764199819       123.1865958306         1.0000000000        12.1431379318
 0     2720        96.2764199819       123.0956522517         1.0000000000        12.1431379318
 0     2730        96.2764199819       123.0956522517         1.0000000000        12.1431379318
 0     2740        96.2764199819       123.0956522517         1.0000000000        12.1431379318
 0     2750        96.2764199819       122.9747635858         1.0000000000        12.1431379318
 0     2760        96.2764199819       122.9747635858         1.0000000000        12.1431379318
 0     2770        96.2764199819       122.9289941825         1.0000000000        12.1431379318
 0     2780        96.2764199819       122.9289941825         1.0000000000        12.1431379318
 0     2790        96.2764199819       122.9289941825         1.0000000000        12.1431379318
 0     2800        96.2764199819       122.8885632687         1.0000000000        12.1431379318
 0     2810        96.2764199819       122.7480298820         1.0000000000        12.1431379318
 0     2820        96.2764199819       122.6582527344         1.0000000000        12.1431379318
 0     2830        96.2764199819       122.4471734783         1.0000000000        12.1431379318
 0     2840        96.2764199819       122.4471734783         1.0000000000        12.1431379318
 0     2850        96.2764199819       122.3295186001         1.0000000000        12.1431379318
 0     2860        96.2764199819       122.3215423405         1.0000000000        12.1431379318
 0     2870        96.2764199819       122.3215423405         1.0000000000        12.1431379318
 0     2880        96.2764199819       122.3215423405         1.0000000000        12.1431379318
 0     2890        96.2764199819       122.3215423405         1.0000000000        12.1431379318
 0     2900        94.1237399482       121.9538508299         1.0000000000        12.1431379318
 0     2910        94.1237399482       121.9054061769         1.0000000000        12.1431379318
 0     2920        94.1237399482       121.7404366458         1.0000000000        12.1431379318
 0     2930        94.1237399482       121.4261406078         1.0000000000        12.1431379318
 0     2940        94.1237399482       121.4261406078         1.0000000000        12.1431379318
 0     2950        94.1237399482       121.2663465829         1.0000000000        12.1431379318
 0     2960        94.1237399482       120.8558565230         1.0000000000        12.1431379318
 0     2970        94.1237399482       120.2598374469         1.0000000000        12.1431379318
 0     2980        94.1237399482       120.2456609582         0.0000000000        12.1431379318
 0     2990        94.1237399482       119.9108784901         0.0000000000        12.1431379318
 0     3000        94.1237399482       119.7188260170         0.0000000000        12.1431379318
 0     3010        94.1237399482       119.6641088463         0.0000000000        12.1431379318
 0     3020        94.1237399482       119.2939312983         0.0000000000        12.1431379318
 0     3030        94.1237399482       119.1065366137         0.0000000000        12.1431379318
 0     3040        94.1237399482       118.7071657647         0.0000000000        12.1431379318
 0     3050        94.1237399482       117.4870352162         0.0000000000        12.1431379318
 0     3060        94.1237399482       116.9952573638         0.0000000000        12.1431379318
 0     3070        94.1237399482       116.7272866367         0.0000000000        12.1431379318
 0     3080        94.1237399482       115.6251147897         0.0000000000        12.1431379318
 0     3090        94.1237399482       114.5025573948         0.0000000000        12.1431379318
 0     3100        94.1237399482       112.3474714364         0.0000000000        12.1431379318
 0     3110        94.1237399482       108.8917864468         0.0000000000        12.1431379318
 0     3120        94.1237399482       102.9883767485         0.0000000000        12.1431379318
 0     3130        94.1237399482        94.1237399482         0.0000000000         8.3333654404
 0     3140        94.1237399482        94.1237399482         0.0000000000         8.3333654404
 0     3150        94.1237399482        94.1237399482         0.0000000000         8.3333654404
 0     3160        94.1237399482        94.1237399482         0.0000000000         8.3333654404
 0     3170        94.1237399482        94.1237399482         0.0000000000         8.3333654404
 0     3180        94.1237399482        94.1237399482         0.0000000000         8.3333654404
 0     3190        94.1237399482        94.1237399482         0.0000000000         8.3333654404
 0     3200        94.1237399482        94.1237399482         0.0000000000         8.3333654404
 0     3210        94.1237399482        94.1237399482         0.0000000000         8.3333654404
 0     3220        94.1237399482        94.1237399482         0.0000000000         8.3333654404
 0     3230        94.1237399482        94.1237399482         0.0000000000         8.3333654404
 0     3240        94.1237399482        94.1237399482         0.0000000000         8.3333654404
 0     3250        94.1237399482        94.1237399482         0.0000000000         8.3333654404
 0     3260        94.1237399482        94.1237399482         0.0000000000         8.3333654404
 0     3270        94.1237399482        94.1237399482         0.0000000000         8.3333654404
 0     3280        94.1237399482        94.1237399482         0.0000000000         8.3333654404
 0     3290        94.1237399482        94.1237399482         0.0000000000         8.3333654404
 0     3300        94.1237399482        94.1237399482         0.0000000000         8.3333654404
 0     3310        94.1237399482        94.1237399482         0.0000000000         8.3333654404
 0     3320        94.1237399482        94.1237399482         0.0000000000         8.3333654404
 0     3330        94.1237399482        94.1237399482         0.0000000000         8.3333654404
 0     3340        94.1237399482        94.1237399482         0.0000000000         8.3333654404
 0     3350        94.1237399482        94.1237399482         0.0000000000         8.3333654404
 0     3360        94.1237399482        94.1237399482         0.0000000000         8.3333654404
 0     3370        94.1237399482        94.1237399482         0.0000000000         8.3333654404
 0     3380        94.1237399482        94.1237399482         0.0000000000         8.3333654404
 0     3390        94.1237399482        94.1237399482         0.0000000000         8.3333654404
 0     3400        94.1237399482        94.1237399482         0.0000000000         8.3333654404
 0     3410        94.1237399482        94.1237399482         0.0000000000         8.3333654404
 0     3420        94.1237399482        94.1237399482         0.0000000000         8.3333654404
 0     3430        94.1237399482        94.1237399482         0.0000000000         8.3333654404
 0     3440        94.1237399482        94.1237399482         0.0000000000         8.3333654404
 0     3450        94.1237399482        94.1237399482         0.0000000000         8.3333654404
 0     3460        94.1237399482        94.1237399482         0.0000000000         8.3333654404
 0     3470        94.1237399482        94.1237399482         0.0000000000         8.3333654404
 0     3480        94.1237399482        94.1237399482         0.0000000000         8.3333654404
 0     3490        94.1237399482        94.1237399482         0.0000000000         8.3333654404
 0     3500        94.1237399482        94.1237399482         0.0000000000         8.3333654404
 0     3510        94.1237399482        94.1237399482         0.0000000000         8.3333654404
 0     3520        94.1237399482        94.1237399482         0.0000000000         8.3333654404
 0     3530        94.1237399482        94.1237399482         0.0000000000         8.3333654404
 0     3540        94.1237399482        94.1237399482         0.0000000000         8.3333654404
 0     3550        94.1237399482        94.1237399482         0.0000000000         8.3333654404
 0     3560        94.1237399482        94.1237399482         0.0000000000         8.3333654404
 0     3570        94.1237399482        94.1237399482         0.0000000000         8.3333654404
 0     3580        94.1237399482        94.1237399482         0.0000000000         8.3333654404
 0     3590        94.1237399482        94.1237399482         0.0000000000         8.3333654404
 0     3600        94.1237399482        94.1237399482         0.0000000000         8.3333654404
 0     3610        94.1237399482        94.1237399482         0.0000000000         8.3333654404
 0     3620        94.1237399482        94.1237399482         0.0000000000         8.3333654404
 0     3630        94.1237399482        94.1237399482         0.0000000000         8.3333654404
 0     3640        94.1237399482        94.1237399482         0.0000000000         8.3333654404
 0     3650        94.1237399482        94.1237399482         0.0000000000         8.3333654404
 0     3660        94.1237399482        94.1237399482         0.0000000000         8.3333654404
 0     3670        94.1237399482        94.1237399482         0.0000000000         8.3333654404
 0     3680        94.1237399482        94.1237399482         0.0000000000         8.3333654404
 0     3690        94.1237399482        94.1237399482         0.0000000000         8.3333654404
 0     3700        94.1237399482        94.1237399482         0.0000000000         8.3333654404
 0     3710        94.1237399482        94.1237399482         0.0000000000         8.3333654404
 0     3720        94.1237399482        94.1237399482         0.0000000000         8.3333654404
 0     3730        94.1237399482        94.1237399482         0.0000000000         8.3333654404
 0     3740        94.1237399482        94.1237399482         0.0000000000         8.3333654404
 0     3750        94.1237399482        94.1237399482         0.0000000000         8.3333654404
 0     3760        94.1237399482        94.1237399482         0.0000000000         8.3333654404
 0     3770        94.1237399482        94.1237399482         0.0000000000         8.3333654404
 0     3780        94.1237399482        94.1237399482         0.0000000000         8.3333654404
 0     3790        94.1237399482        94.1237399482         0.0000000000         8.3333654404
 0     3800        94.1237399482        94.1237399482         0.0000000000         8.3333654404
 0     3810        94.1237399482        94.1237399482         0.0000000000         8.3333654404
 0     3820        94.1237399482        94.1237399482         0.0000000000         8.3333654404
 0     3830        94.1237399482        94.1237399482         0.0000000000         8.3333654404
 0     3840        94.1237399482        94.1237399482         0.0000000000         8.3333654404
 0     3850        94.1237399482        94.1237399482         0.0000000000         8.3333654404
 0     3860        94.1237399482        94.1237399482         0.0000000000         8.3333654404
 0     3870        94.1237399482        94.1237399482         0.0000000000         8.3333654404
 0     3880        94.1237399482        94.1237399482         0.0000000000         8.3333654404
 0     3890        94.1237399482        94.1237399482         0.0000000000         8.3333654404
 0     3900        94.1237399482        94.1237399482         0.0000000000         8.3333654404
 0     3910        94.1237399482        94.1237399482         0.0000000000         8.3333654404
 0     3920        94.1237399482        94.1237399482         0.0000000000         8.3333654404
 0     3930        94.1237399482        94.1237399482         0.0000000000         8.3333654404
 0     3940        94.1237399482        94.1237399482         0.0000000000         8.3333654404
 0     3950        94.1237399482        94.1237399482         0.0000000000         8.3333654404
 0     3960        94.1237399482        94.1237399482         0.0000000000         8.3333654404
 0     3970        94.1237399482        94.1237399482         0.0000000000         8.3333654404
 0     3980        94.1237399482        94.1237399482         0.0000000000         8.3333654404
 0     3990        94.1237399482        94.1237399482         0.0000000000         8.3333654404
 0     4000        94.1237399482        94.1237399482         0.0000000000         8.3333654404
 0     4010        94.1237399482        94.1237399482         0.0000000000         8.3333654404
 0     4020        94.1237399482        94.1237399482         0.0000000000         8.3333654404
 0     4030        94.1237399482        94.1237399482         0.0000000000         8.3333654404
 0     4040        94.1237399482        94.1237399482         0.0000000000         8.3333654404
 0     4050        94.1237399482        94.1237399482         0.0000000000         8.3333654404
 0     4060        94.1237399482        94.1237399482         0.0000000000         8.3333654404
 0     4070        94.1237399482        94.1237399482         0.0000000000         8.3333654404
 0     4080        94.1237399482        94.1237399482         0.0000000000         8.3333654404
 0     4090        94.1237399482        94.1237399482         0.0000000000         8.3333654404
 0     4100        94.1237399482        94.1237399482         0.0000000000         8.3333654404
 0     4110        94.1237399482        94.1237399482         0.0000000000         8.3333654404
 0     4120        94.1237399482        94.1237399482         0.0000000000         8.3333654404
 0     4130        94.1237399482        94.1237399482         0.0000000000         8.3333654404
 0     4140        94.1237399482        94.1237399482         0.0000000000         8.3333654404
 0     4150        94.1237399482        94.1237399482         0.0000000000         8.3333654404
 0     4160        94.1237399482        94.1237399482         0.0000000000         8.3333654404
 0     4170        94.1237399482        94.1237399482         0.0000000000         8.3333654404
 0     4180        94.1237399482        94.1237399482         0.0000000000         8.3333654404
 0     4190        94.1237399482        94.1237399482         0.0000000000         8.3333654404
 0     4200        94.1237399482        94.1237399482         0.0000000000         8.3333654404
 0     4210        94.1237399482        94.1237399482         0.0000000000         8.3333654404
 0     4220        94.1237399482        94.1237399482         0.0000000000         8.3333654404
 0     4230        94.1237399482        94.1237399482         0.0000000000         8.3333654404
 0     4240        94.1237399482        94.1237399482         0.0000000000         8.3333654404
 0     4250        94.1237399482        94.1237399482         0.0000000000         8.3333654404
 0     4260        94.1237399482        94.1237399482         0.0000000000         8.3333654404
 0     4270        94.1237399482        94.1237399482         0.0000000000         8.3333654404
 0     4280        94.1237399482        94.1237399482         0.0000000000         8.3333654404
 0     4290        94.1237399482        94.1237399482         0.0000000000         8.3333654404
 0     4300        94.1237399482        94.1237399482         0.0000000000         8.3333654404
 0     4310        94.1237399482        94.1237399482         0.0000000000         8.3333654404
 0     4320        94.1237399482        94.1237399482         0.0000000000         8.3333654404
 0     4330        94.1237399482        94.1237399482         0.0000000000         8.3333654404
 0     4340        94.1237399482        94.1237399482         0.0000000000         8.3333654404
 0     4350        94.1237399482        94.1237399482         0.0000000000         8.3333654404
 0     4360        94.1237399482        94.1237399482         0.0000000000         8.3333654404
 0     4370        94.1237399482        94.1237399482         0.0000000000         8.3333654404
 0     4380        94.1237399482        94.1237399482         0.0000000000         8.3333654404
 0     4390        94.1237399482        94.1237399482         0.0000000000         8.3333654404
 0     4400        94.1237399482        94.1237399482         0.0000000000         8.3333654404
 0     4410        94.1237399482        94.1237399482         0.0000000000         8.3333654404
 0     4420        94.1237399482        94.1237399482         0.0000000000         8.3333654404
 0     4430        94.1237399482        94.1237399482         0.0000000000         8.3333654404
 0     4440        94.1237399482        94.1237399482         0.0000000000         8.3333654404
 0     4450        94.1237399482        94.1237399482         0.0000000000         8.3333654404
 0     4460        94.1237399482        94.1237399482         0.0000000000         8.3333654404
 0     4470        94.1237399482        94.1237399482         0.0000000000         8.3333654404
 0     4480        94.1237399482        94.1237399482         0.0000000000         8.3333654404
 0     4490        94.1237399482        94.1237399482         0.0000000000         8.3333654404
 0     4500        94.1237399482        94.1237399482         0.0000000000         8.3333654404
 0     4510        94.1237399482        94.1237399482         0.0000000000         8.3333654404
 0     4520        94.1237399482        94.1237399482         0.0000000000         8.3333654404
 0     4530        94.1237399482        94.1237399482         0.0000000000         8.3333654404
 0     4540        94.1237399482        94.1237399482         0.0000000000         8.3333654404
 0     4550        94.1237399482        94.1237399482         0.0000000000         8.3333654404
 0     4560        94.1237399482        94.1237399482         0.0000000000         8.3333654404
 0     4570        94.1237399482        94.1237399482         0.0000000000         8.3333654404
 0     4580        94.1237399482        94.1237399482         0.0000000000         8.3333654404
 0     4590        94.1237399482        94.1237399482         0.0000000000         8.3333654404
 0     4600        94.1237399482        94.1237399482         0.0000000000         8.3333654404
 0     4610        94.1237399482        94.1237399482         0.0000000000         8.3333654404
 0     4620        94.1237399482        94.1237399482         0.0000000000         8.3333654404
 0     4630        94.1237399482        94.1237399482         0.0000000000         8.3333654404
 0     4640        94.1237399482        94.1237399482         0.0000000000         8.3333654404
 0     4650        94.1237399482        94.1237399482         0.0000000000         8.3333654404
 0     4660        94.1237399482        94.1237399482         0.0000000000         8.3333654404
 0     4670        94.1237399482        94.1237399482         0.0000000000         8.3333654404
 0     4680        94.1237399482        94.1237399482         0.0000000000         8.3333654404
 0     4690        94.1237399482        94.1237399482         0.0000000000         8.3333654404
 0     4700        94.1237399482        94.1237399482         0.0000000000         8.3333654404
 0     4710        94.1237399482        94.1237399482         0.0000000000         8.3333654404
 0     4720        94.1237399482        94.1237399482         0.0000000000         8.3333654404
 0     4730        94.1237399482        94.1237399482         0.0000000000         8.3333654404
 0     4740        94.1237399482        94.1237399482         0.0000000000         8.3333654404
 0     4750        94.1237399482        94.1237399482         0.0000000000         8.3333654404
 0     4760        94.1237399482        94.1237399482         0.0000000000         8.3333654404
 0     4770        94.1237399482        94.1237399482         0.0000000000         8.3333654404
 0     4780        94.1237399482        94.1237399482         0.0000000000         8.3333654404
 0     4790        94.1237399482        94.1237399482         0.0000000000         8.3333654404
 0     4800        94.1237399482        94.1237399482         0.0000000000         8.3333654404
 0     4810        94.1237399482        94.1237399482         0.0000000000         8.3333654404
 0     4820        94.1237399482        94.1237399482         0.0000000000         8.3333654404
 0     4830        94.1237399482        94.1237399482         0.0000000000         8.3333654404
 0     4840        94.1237399482        94.1237399482         0.0000000000         8.3333654404
 0     4850        94.1237399482        94.1237399482         0.0000000000         8.3333654404
 0     4860        94.1237399482        94.1237399482         0.0000000000         8.3333654404
 0     4870        94.1237399482        94.1237399482         0.0000000000         8.3333654404
 0     4880        94.1237399482        94.1237399482         0.0000000000         8.3333654404
 0     4890        94.1237399482        94.1237399482         0.0000000000         8.3333654404
 0     4900        94.1237399482        94.1237399482         0.0000000000         8.3333654404
 0     4910        94.1237399482        94.1237399482         0.0000000000         8.3333654404
 0     4920        94.1237399482        94.1237399482         0.0000000000         8.3333654404
 0     4930        94.1237399482        94.1237399482         0.0000000000         8.3333654404
 0     4940        94.1237399482        94.1237399482         0.0000000000         8.3333654404
 0     4950        94.1237399482        94.1237399482         0.0000000000         8.3333654404
 0     4960        94.1237399482        94.1237399482         0.0000000000         8.3333654404
 0     4970        94.1237399482        94.1237399482         0.0000000000         8.3333654404
 0     4980        94.1237399482        94.1237399482         0.0000000000         8.3333654404
 0     4990        94.1237399482        94.1237399482         0.0000000000         8.3333654404
 0     5000        94.1237399482        94.1237399482         0.0000000000         8.3333654404
