 0       -1       111.3334121911       191.1919064703         1.0000000000        11.5735187531
 0        0       111.3334121911       191.1919064703         1.0000000000        11.5735187531
 0       10       111.3334121911       188.2605908134         1.0000000000        11.5735187531
 0       20       111.3334121911       187.1020990247         1.0000000000        11.5735187531
 0       30       111.3334121911       185.2256517495         1.0000000000        11.5735187531
 0       40       111.3334121911       182.4854014738         1.0000000000        11.5735187531
 0       50       111.3334121911       182.4854014738         1.0000000000        11.5735187531
 0       60       111.3334121911       181.4445386157         1.0000000000        11.5735187531
 0       70       111.3334121911       180.4944670472         1.0000000000        11.5735187531
 0       80       111.3334121911       180.3672760056         1.0000000000        11.5735187531
 0       90       111.3334121911       179.5719666865         1.0000000000        11.5735187531
 0      100       111.3334121911       178.5678990645         1.0000000000        11.5735187531
 0      110       111.3334121911       178.0780697908         1.0000000000        11.5735187531
 0      120       111.3334121911       177.6857567324         1.0000000000        11.5735187531
 0      130       111.3334121911       175.6176672048         1.0000000000        11.5735187531
 0      140       111.3334121911       174.8096639043         1.0000000000        11.5735187531
 0      150       111.3334121911       174.3067767467         1.0000000000        11.5735187531
 0      160       111.3334121911       174.2011820319         1.0000000000        11.5735187531
 0      170       111.3334121911       171.0559074904         0.7522073491        11.5735187531
 0      180       111.3334121911       169.6718869504         0.7378672887        11.5735187531
 0      190       111.3334121911       167.4945057938         0.7378672887        11.5735187531
 0      200       111.3334121911       166.0295897509         0.7378672887        11.5735187531
 0      210       111.3334121911       164.5221784039         0.7378672887        11.5735187531
 0      220       111.3334121911       163.2499949185         0.7378672887        11.5735187531
 0      230       111.3334121911       162.2440813567         0.7378672887        11.5735187531
 0      240       111.3334121911       159.8031969120         0.7378672887        11.5735187531
 0      250       111.3334121911       157.3422133769         0.7185176805        11.5735187531
 0      260       111.3334121911       156.7963692585         1.0000000000        11.5735187531
 0      270       111.3334121911       153.9624690381         0.9298585769        11.5735187531
 0      280       111.3334121911       153.4384147021         0.9298585769        11.5735187531
 0      290       111.3334121911       152.0580896726         0.9298585769        11.5735187531
 0      300       111.3334121911       150.6107037452         0.9034527161        11.5735187531
 0      310       111.3334121911       149.0247122436         0.9034527161        11.5735187531
 0      320       111.3334121911       148.0184869694         0.9034527161        11.5735187531
 0      330       107.2545372001       146.6376851033         0.9034527161        11.5735187531
 0      340       107.2545372001       145.7625217709         0.9034527161        11.5735187531
 0      350       107.2545372001       145.2367408471         0.9034527161        11.5735187531
 0      360       107.2545372001       144.9814753760         0.9034527161        11.5735187531
 0      370       107.2545372001       144.0591500290         0.9034527161        11.5735187531
 0      380       107.2545372001       143.6639666296         0.9034527161        11.5735187531
 0      390       107.2545372001       142.9072466961         0.9034527161        11.5735187531
 0      400       107.2545372001       142.6412313047         0.9034527161        11.5735187531
 0      410       107.2545372001       141.8142234968         0.9034527161        11.5735187531
 0      420       107.2545372001       140.9634365580         0.9034527161        11.5735187531
 0      430       107.2545372001       140.5618767977         0.9034527161        11.5735187531
 0      440       107.2545372001       140.0241023281         0.9034527161        11.5735187531
 0      450       107.2545372001       139.5887720967         0.9034527161        11.5735187531
 0      460       107.2545372001       138.7274876136         0.9034527161        11.5735187531
 0      470       107.2545372001       138.2742140432         0.9034527161        11.5735187531
 0      480       107.2545372001       138.0929578252         0.9034527161        11.5735187531
 0      490       107.2545372001       138.0294943785         0.9034527161        11.5735187531
 0      500       107.2545372001       137.9759148430         0.9034527161        11.5735187531
 0      510       107.2545372001       137.9759148430         0.9034527161        11.5735187531
 0      520       107.2545372001       137.7685826387         0.9034527161        11.5735187531
 0      530       107.2545372001       137.1631710355         0.9034527161        11.5735187531
 0      540       107.2545372001       136.3695501789         0.9298585769        11.5735187531
 0      550       107.2545372001       136.3002063343         0.9298585769        11.5735187531
 0      560       107.2545372001       136.1031324286         0.8577770423        11.5735187531
 0      570       107.2545372001       135.9679469642         0.8577770423        11.5735187531
 0      580       107.2545372001       135.8464847791         0.8577770423        11.5735187531
 0      590       107.2545372001       135.4880820344         0.8577770423        11.5735187531
 0      600       107.2545372001       135.2868848681         0.8577770423        11.5735187531
 0      610       107.2545372001       134.9541628495         0.8577770423        11.5735187531
 0      620       107.2545372001       134.7024459571         0.8577770423        11.5735187531
 0      630       107.2545372001       134.3136321265         0.8577770423        11.5735187531
 0      640       107.2545372001       134.2923622532         0.8577770423        11.5735187531
 0      650       107.2545372001       134.2923622532         0.8577770423        11.5735187531
 0      660       107.2545372001       134.0558098076         0.8577770423        11.5735187531
 0      670       107.2545372001       133.7737640216         0.8577770423        11.5735187531
 0      680       107.2545372001       133.1843311633         0.8577770423        11.5735187531
 0      690       107.2545372001       133.1843311633         0.8577770423        11.5735187531
 0      700       107.2545372001       133.1359494346         0.8577770423        11.5735187531
 0      710       107.2545372001       133.0208729460         0.8577770423        11.5735187531
 0      720       107.2545372001       132.9283741539         0.8577770423        11.5735187531
 0      730       107.2545372001       132.7286157723         0.8577770423        11.5735187531
 0      740       107.2545372001       132.7286157723         0.8577770423        11.5735187531
 0      750       107.2545372001       132.5366986499         0.8577770423        11.5735187531
 0      760       107.2545372001       132.4836449278         0.8577770423        11.5735187531
 0      770       107.2545372001       132.3160479919         0.8577770423        11.5735187531
 0      780       107.2545372001       132.1638464781         0.8577770423        11.5735187531
 0      790       107.2545372001       131.9808384865         0.8577770423        11.5735187531
 0      800       107.2545372001       131.8602156874         0.8577770423        11.5735187531
 0      810       107.2545372001       131.8167664758         0.8577770423        11.5735187531
 0      820       107.2545372001       131.3727197534         0.8577770423        11.5735187531
 0      830       107.2545372001       131.3097776478         0.8577770423        11.5735187531
 0      840       107.2545372001       131.1965792855         0.8577770423        11.5735187531
 0      850       107.2545372001       131.0010585396         0.8577770423        11.5735187531
 0      860       107.2545372001       130.7981847370         0.8577770423        11.5735187531
 0      870       107.2545372001       130.7390475475         0.8577770423        11.5735187531
 0      880       107.2545372001       130.6738426234         0.8577770423        11.5735187531
 0      890       101.2728597946       130.1806437470         0.8577770423        11.5735187531
 0      900       101.2728597946       130.1688778905         0.8577770423        11.5735187531
 0      910       101.2728597946       129.9439158939         0.8577770423        11.5735187531
 0      920       101.2728597946       129.8868409575         0.8577770423        11.5735187531
 0      930       101.2728597946       129.8868409575         0.8577770423        11.5735187531
 0      940       101.2728597946       129.8868409575         0.8577770423        11.5735187531
 0      950       101.2728597946       129.8868409575         0.8577770423        11.5735187531
 0      960       101.2728597946       129.7448469666         0.8577770423        11.5735187531
 0      970       101.2728597946       129.7448469666         0.8577770423        11.5735187531
 0      980       101.2728597946       129.6931005724         0.8577770423        11.5735187531
 0      990       101.2728597946       129.4985152908         0.8577770423        11.5735187531
 0     1000       101.2728597946       129.4985152908         0.8577770423        11.5735187531
 0     1010       101.2728597946       129.4400648553         0.8577770423        11.5735187531
 0     1020       101.2728597946       129.4400648553         0.8577770423        11.5735187531
 0     1030       101.2728597946       129.4400648553         0.8577770423        11.5735187531
 0     1040       101.2728597946       129.4400648553         0.8577770423        11.5735187531
 0     1050       101.2728597946       129.4400648553         0.8577770423        11.5735187531
 0     1060       101.2728597946       129.4088686515         0.8577770423        11.5735187531
 0     1070       101.2728597946       129.4088686515         0.8577770423        11.5735187531
 0     1080       101.2728597946       129.4058137094         0.8577770423        11.5735187531
 0     1090       101.2728597946       129.4058137094         0.8577770423        11.5735187531
 0     1100       101.2728597946       129.3682945570         0.8577770423        11.5735187531
 0     1110       101.2728597946       129.2022895297         0.8577770423        11.5735187531
 0     1120       101.2728597946       129.1634586370         0.8577770423        11.5735187531
 0     1130       101.2728597946       129.1634586370         0.8577770423        11.5735187531
 0     1140       101.2728597946       129.1568132920         0.8577770423        11.5735187531
 0     1150       101.2728597946       129.0642929133         0.8577770423        11.5735187531
 0     1160       101.2728597946       128.9264788923         0.8577770423        11.5735187531
 0     1170       101.2728597946       128.6952832118         0.8577770423        11.5735187531
 0     1180       101.2728597946       128.6952832118         0.8577770423        11.5735187531
 0     1190       101.2728597946       128.6646055159         0.8577770423        11.5735187531
 0     1200       101.2728597946       128.5410354225         0.8577770423        11.5735187531
 0     1210       101.2728597946       128.5410354225         0.8577770423        11.5735187531
 0     1220       101.2728597946       128.4258304674         0.8577770423        11.5735187531
 0     1230       101.2728597946       128.4258304674         0.8577770423        11.5735187531
 0     1240       101.2728597946       128.3236698417         0.8577770423        11.5735187531
 0     1250       101.2728597946       127.7519323944         0.8577770423        11.5735187531
 0     1260       101.2728597946       127.4809112198         0.8577770423        11.5735187531
 0     1270       101.2728597946       127.4809112198         0.8577770423        11.5735187531
 0     1280       101.2728597946       127.4118925883         0.8577770423        11.5735187531
 0     1290       101.2728597946       127.1527741109         0.8577770423        11.5735187531
 0     1300       101.2728597946       127.1527741109         0.8577770423        11.5735187531
 0     1310       101.2728597946       126.8084552302         0.8577770423        11.5735187531
 0     1320       101.2728597946       126.7323280471         0.8577770423        11.5735187531
 0     1330       101.2728597946       126.4920366914         0.8577770423        11.5735187531
 0     1340       101.2728597946       126.4811618097         0.8577770423        11.5735187531
 0     1350       101.2728597946       126.3997197637         0.8577770423        11.5735187531
 0     1360       101.2728597946       126.3896681489         0.8577770423        11.5735187531
 0     1370       101.2728597946       126.3152907824         0.0000000000        11.5735187531
 0     1380       101.2728597946       126.0956507840         0.0000000000        11.5735187531
 0     1390       101.2728597946       125.8730155531         0.0000000000        11.5735187531
 0     1400       101.2728597946       125.6406188572         0.0000000000        11.5735187531
 0     1410       101.2728597946       125.6317894137         0.0000000000        11.5735187531
 0     1420       101.2728597946       125.5601639880         0.0000000000        11.5735187531
 0     1430       101.2728597946       125.1517119225         0.0000000000        11.5735187531
 0     1440       101.2728597946       124.7114726192         0.0000000000        11.5735187531
 0     1450       101.2728597946       124.3200835351         0.0000000000        11.5735187531
 0     1460       101.2728597946       123.9611450385         0.0000000000        11.5735187531
 0     1470       101.2728597946       123.6926012564         0.0000000000        11.5735187531
 0     1480       101.2728597946       123.2799248031         0.0000000000        11.5735187531
 0     1490       101.2728597946       122.8516484277         0.0000000000        11.5735187531
 0     1500       101.2728597946       122.5254172701         0.0000000000        11.5735187531
 0     1510       101.2728597946       122.3863456486         0.0000000000        11.5735187531
 0     1520       101.2728597946       122.3863456486         0.0000000000        11.5735187531
 0     1530       101.2728597946       122.0668924460         0.0000000000        11.5735187531
 0     1540       101.2728597946       121.7787596002         0.0000000000        11.5735187531
 0     1550       101.2728597946       121.7279552846         0.0000000000        11.5735187531
 0     1560       101.2728597946       120.5111443964         0.0000000000        11.5735187531
 0     1570       101.2728597946       120.0789684064         0.0000000000        11.5735187531
 0     1580       101.2728597946       119.3986966892         1.0000000000        11.5735187531
 0     1590       101.2728597946       117.7198683300         0.9999988749        11.5735187531
 0     1600       101.2728597946       116.8655603032         0.9999988749        11.5735187531
 0     1610       101.2728597946       114.8694821180         0.9999988749        11.5735187531
 0     1620       101.2728597946       110.2806118403         0.0044171424        11.6054344177
 0     1630       100.3619946622       101.4707712571         0.0015540916        11.5879573822
 0     1640        88.0958126530        94.8232259256         0.0068551467        10.9741153717
 0     1650        86.8885600136        87.6966463254         0.0047138547        11.2309608459
 0     1660        85.3108555679        86.4297744767         0.0049437475        11.3878688812
 0     1670        84.5592418870        85.4055223994         0.0038416835        11.4099149704
 0     1680        83.8347469193        84.7838006732         0.0038086023        11.3435249329
 0     1690        83.8347469193        84.3382868170         0.0016858795        11.3817243576
 0     1700        83.5775016284        83.9254912322         0.0010247802        11.3690538406
 0     1710        83.5775016284        83.7928791416         0.0022112545        11.3852605820
 0     1720        83.5259261129        83.6869522157         0.0018435902        11.3488283157
 0     1730        83.4710562506        83.6004410415         0.0009837648        11.3664169312
 0     1740        83.4296752797        83.4817769718         0.0003412517        11.3609552383
 0     1750        83.4009257182        83.4334543282         0.0001603910        11.3601140976
 0     1760        83.3958285274        83.4108238875         0.0001803814        11.3569622040
 0     1770        83.3824824177        83.3976233503         0.0002887800        11.3569622040
 0     1780        83.3801356580        83.3900554812         0.0000692210        11.3553361893
 0     1790        83.3750205846        83.3840711962         0.0000213957        11.3551311493
 0     1800        83.3715317381        83.3756979661         0.0000577922        11.3547620773
 0     1810        83.3701790000        83.3721986756         0.0000305248        11.3544073105
 0     1820        83.3686155528        83.3700005076         0.0000125455        11.3544416428
 0     1830        83.3679830249        83.3687008806         0.0000074104        11.3545007706
 0     1840        83.3675661673        83.3680365081         0.0000122529        11.3542470932
 0     1850        83.3672211336        83.3675340145         0.0000097463        11.3543167114
 0     1860        83.3670669882        83.3672084677         0.0000038940        11.3542966843
 0     1870        83.3669791996        83.3670667420         0.0000047424        11.3542804718
 0     1880        83.3668944449        83.3669623458         0.0000020268        11.3542938232
 0     1890        83.3668381473        83.3668969843         0.0000014223        11.3542919159
 0     1900        83.3668068984        83.3668538362         0.0000010515        11.3542976379
 0     1910        83.3667759665        83.3668065656         0.0000009027        11.3543052673
 0     1920        83.3667621870        83.3667763478         0.0000003136        11.3543014526
 0     1930        83.3667430999        83.3667604091         0.0000004394        11.3542995453
 0     1940        83.3667302416        83.3667444798         0.0000003312        11.3543043137
 0     1950        83.3667227805        83.3667301980         0.0000001705        11.3543004990
 0     1960        83.3667184428        83.3667221147         0.0000002974        11.3543033600
 0     1970        83.3667153503        83.3667186435         0.0000004211        11.3543033600
 0     1980        83.3667134083        83.3667157662         0.0000001681        11.3543043137
 0     1990        83.3667114458        83.3667130478         0.0000001506        11.3543024063
 0     2000        83.3667099104        83.3667109619         0.0000000926        11.3543043137
 0     2010        83.3667086390        83.3667096490         0.0000000475        11.3543043137
 0     2020        83.3667073999        83.3667083427         0.0000000939        11.3543043137
 0     2030        83.3667059855        83.3667072225         0.0000000901        11.3543043137
 0     2040        83.3667048999        83.3667058713         0.0000000589        11.3543043137
 0     2050        83.3667035893        83.3667045476         0.0000000895        11.3543052673
 0     2060        83.3667024999        83.3667033428         0.0000000430        11.3543052673
 0     2070        83.3667002690        83.3667013791         0.0000000803        11.3543043137
 0     2080        83.3666965670        83.3666982419         0.0000005561        11.3542966843
 0     2090        83.3666931975        83.3666945028         0.0000011659        11.3542833328
 0     2100        83.3666902749        83.3666912576         0.0000014818        11.3542680740
 0     2110        83.3666882606        83.3666890611         0.0000016934        11.3542804718
 0     2120        83.3666858472        83.3666870791         0.0000035139        11.3542814255
 0     2130        83.3666838155        83.3666848411         0.0000037768        11.3542766571
 0     2140        83.3666827301        83.3666833055         0.0000039514        11.3544206619
 0     2150        83.3666814552        83.3666821302         0.0000037547        11.3543167114
 0     2160        83.3666797003        83.3666805179         0.0000039866        11.3542375565
 0     2170        83.3666768340        83.3666781297         0.0000060390        11.3542490005
 0     2180        83.3666731494        83.3666744018         0.0000095920        11.3542385101
 0     2190        83.3666704328        83.3666717710         0.0000051448        11.3541364670
 0     2200        83.3666679908        83.3666692130         0.0000078069        11.3542594910
 0     2210        83.3666665205        83.3666670662         0.0000157061        11.3542737961
 0     2220        83.3666629579        83.3666654920         0.0000213702        11.3542547226
 0     2230        83.3666503892        83.3666571267         0.0002449700        11.3547954559
 0     2240        83.3666384626        83.3666447778         0.0000389477        11.3551034927
 0     2250        83.3666113652        83.3666253418         0.0000118205        11.3556766510
 0     2260        83.3665983302        83.3666077026         0.0000404571        11.3558845520
 0     2270        83.3665781996        83.3665879632         0.0000213127        11.3563289642
 0     2280        83.3665734006        83.3665789062         0.0000150469        11.3562927246
 0     2290        83.3665624228        83.3665685282         0.0000114077        11.3565750122
 0     2300        83.3665557043        83.3665589595         0.0000269988        11.3568105698
 0     2310        83.3665433910        83.3665491915         0.0000464295        11.3563747406
 0     2320        83.3665063972        83.3665260759         0.0000553478        11.3553686142
 0     2330        83.3664847119        83.3664938646         0.0000272024        11.3549633026
 0     2340        83.3664739645        83.3664779389         0.0000423680        11.3543300629
 0     2350        83.3664682316        83.3664706536         0.0000255020        11.3543996811
 0     2360        83.3664638634        83.3664669218         0.0000224330        11.3543491364
 0     2370        83.3664479082        83.3664580462         0.0000697437        11.3551912308
 0     2380        83.3664363627        83.3664437427         0.0000336541        11.3555335999
 0     2390        83.3664230438        83.3664320395         0.0000309768        11.3558120728
 0     2400        83.3663930351        83.3664093981         0.0000287279        11.3555440903
 0     2410        83.3663541326        83.3663770882         0.0000476387        11.3541345596
 0     2420        83.3662586232        83.3663097959         0.0000764999        11.3544425964
 0     2430        83.3662198057        83.3662463648         0.0000553259        11.3545093536
 0     2440        83.3661714714        83.3662066269         0.0000348068        11.3540534973
 0     2450        83.3653508499        83.3661234746         0.0001049373        11.3553161621
 0     2460        83.3653090260        83.3654007222         0.0001288502        11.3559265137
 0     2470        83.3652834911        83.3653109298         0.0000739498        11.3559265137
 0     2480        83.3652507492        83.3652764898         0.0000300675        11.3544397354
 0     2490        83.3652081548        83.3652400892         0.0000474114        11.3534879684
 0     2500        83.3651334226        83.3651815453         0.0000389731        11.3535194397
 0     2510        83.3650790797        83.3651142020         0.0000269509        11.3542041779
 0     2520        83.3650498124        83.3650712789         0.0000220438        11.3540687561
 0     2530        83.3650344198        83.3650494300         0.0000446389        11.3542070389
 0     2540        83.3650232844        83.3650341296         0.0000276771        11.3535947800
 0     2550        83.3649627165        83.3650111839         0.0000442760        11.3544940948
 0     2560        83.3649095292        83.3649411343         0.0000235262        11.3557939529
 0     2570        83.3648767886        83.3648934407         0.0000547543        11.3563613892
 0     2580        83.3647876655        83.3648449431         0.0000598360        11.3546142578
 0     2590        83.3646925517        83.3647399855         0.0000278720        11.3530759811
 0     2600        83.3646459514        83.3646741861         0.0000175295        11.3528862000
 0     2610        83.3645448892        83.3645964570         0.0000351842        11.3528947830
 0     2620        83.3644128878        83.3644924500         0.0000360236        11.3536338806
 0     2630        83.3643691391        83.3644039876         0.0000249537        11.3534698486
 0     2640        83.3643109856        83.3643426027         0.0000337210        11.3533611298
 0     2650        83.3642721084        83.3643016106         0.0000415817        11.3530569077
 0     2660        83.3642429579        83.3642687685         0.0000323742        11.3534555435
 0     2670        83.3641879158        83.3642188658         0.0000312444        11.3533592224
 0     2680        83.3641215824        83.3641496733         0.0000486141        11.3535203934
 0     2690        83.3640544914        83.3640859675         0.0000537548        11.3544273376
 0     2700        83.3639259142        83.3640055925         0.0001032214        11.3547115326
 0     2710        83.3639020200        83.3639276741         0.0001147113        11.3552007675
 0     2720        83.3638493784        83.3638845566         0.0000229233        11.3556213379
 0     2730        83.3638123082        83.3638437913         0.0000754373        11.3554849625
 0     2740        83.3637703563        83.3637979457         0.0000488621        11.3560142517
 0     2750        83.3637318341        83.3637564917         0.0001788311        11.3548946381
 0     2760        83.3636860987        83.3637081843         0.0000778024        11.3552560806
 0     2770        83.3636072487        83.3636579244         0.0001257769        11.3542575836
 0     2780        83.3635694507        83.3636115954         0.0001244431        11.3546905518
 0     2790        83.3635475211        83.3635678815         0.0000090279        11.3545265198
 0     2800        83.3635129871        83.3635349083         0.0000622255        11.3547515869
 0     2810        83.3634938392        83.3635136248         0.0000451295        11.3544807434
 0     2820        83.3634796376        83.3634962598         0.0000668445        11.3544864655
