 0       -1       107.8623166907       210.0833358468         1.0000000000        10.5351047516
 0        0       107.8623166907       210.0833358468         1.0000000000        10.5351047516
 0       10       107.8623166907       203.9809388301         0.7301503289        10.5351047516
 0       20       107.8623166907       200.4011967327         0.7301503289        10.5351047516
 0       30       107.8623166907       197.2010106529         0.7690374992        10.5351047516
 0       40       107.8623166907       191.7982778903         0.7690374992        10.5351047516
 0       50       107.8623166907       186.9417946375         0.8099049932        10.5351047516
 0       60       107.8623166907       184.7600719508         0.8099049932        10.5351047516
 0       70       107.8623166907       181.1755573748         0.8099049932        10.5351047516
 0       80       107.8623166907       177.2731841049         0.8099049932        10.5351047516
 0       90       107.8623166907       173.5659161626         1.0000000000        10.5351047516
 0      100       107.8623166907       169.6939201267         0.8954107192        10.5351047516
 0      110       107.8623166907       166.3457536811         0.9403268235        10.5351047516
 0      120       107.8623166907       164.6045121727         0.9403268235        10.5351047516
 0      130       107.8623166907       163.6025908462         0.9403268235        10.5351047516
 0      140       107.8623166907       161.6052148213         0.9403268235        10.5351047516
 0      150       107.8623166907       161.3355476644         0.9403268235        10.5351047516
 0      160       107.8623166907       159.3884699954         1.0000000000        10.5351047516
 0      170       107.8623166907       157.1304084740         0.9365924045        10.5351047516
 0      180       107.8623166907       156.7737159996         0.9365924045        10.5351047516
 0      190       107.8623166907       156.6742397131         0.9365924045        10.5351047516
 0      200       107.8623166907       154.4408223767         0.9365924045        10.5351047516
 0      210       107.8623166907       153.6962666780         0.9365924045        10.5351047516
 0      220       107.8623166907       152.3019894651         0.9365924045        10.5351047516
 0      230       107.8623166907       151.5392620731         0.9365924045        10.5351047516
 0      240       107.8623166907       150.9951232552         0.9365924045        10.5351047516
 0      250       107.8623166907       149.6175350375         0.7404042811        10.5351047516
 0      260       107.8623166907       149.0845620625         0.7404042811        10.5351047516
 0      270       107.8623166907       147.5587653188         0.7404042811        10.5351047516
 0      280       107.8623166907       147.5587653188         0.7404042811        10.5351047516
 0      290       107.8623166907       147.3310490763         1.0000000000        10.5351047516
 0      300       107.8623166907       147.0911041386         0.9882693737        10.5351047516
 0      310       107.8623166907       146.8057603601         0.9882693737        10.5351047516
 0      320       107.8623166907       146.3735725775         0.9882693737        10.5351047516
 0      330       107.8623166907       145.5956799349         0.9882693737        10.5351047516
 0      340       107.8623166907       145.4129056172         0.9882693737        10.5351047516
 0      350       107.8623166907       145.1117796947         0.9882693737        10.5351047516
 0      360       107.8623166907       144.7352988392         0.9882693737        10.5351047516
 0      370       107.8623166907       144.1993335869         0.9882693737        10.5351047516
 0      380       107.8623166907       143.7804096819         0.9325427313        10.5351047516
 0      390       107.8623166907       143.3120694160         0.9325427313        10.5351047516
 0      400       107.8623166907       142.7870599769         0.9325427313        10.5351047516
 0      410       107.8623166907       142.7027953790         0.9325427313        10.5351047516
 0      420       107.8623166907       142.5703173646         0.9325427313        10.5351047516
 0      430       107.8623166907       142.0438410972         0.9325427313        10.5351047516
 0      440       107.8623166907       141.6540008836         0.9325427313        10.5351047516
 0      450       107.8623166907       141.1894308795         0.9325427313        10.5351047516
 0      460       107.8623166907       140.9672076289         0.7737585653        10.5351047516
 0      470       107.8623166907       140.4928583783         0.7737585653        10.5351047516
 0      480       107.8623166907       139.9963110229         0.7737585653        10.5351047516
 0      490       107.8623166907       139.8493033613         0.7737585653        10.5351047516
 0      500       107.8623166907       139.0902727413         0.6652773344        10.5351047516
 0      510       107.8623166907       138.8162759346         0.6652773344        10.5351047516
 0      520       107.8623166907       138.4290334715         0.6652773344        10.5351047516
 0      530       107.8623166907       137.9120683403         0.6652773344        10.5351047516
 0      540       107.8623166907       137.7730826239         0.6652773344        10.5351047516
 0      550       107.8623166907       136.9927856298         0.6652773344        10.5351047516
 0      560       107.8623166907       136.9221947674         0.6652773344        10.5351047516
 0      570       107.8623166907       136.5962120753         0.6652773344        10.5351047516
 0      580       107.8623166907       136.4083674420         0.6652773344        10.5351047516
 0      590       107.8623166907       136.3578749347         0.6652773344        10.5351047516
 0      600       107.8623166907       136.0816471624         0.6652773344        10.5351047516
 0      610       107.8623166907       135.9355303805         0.6652773344        10.5351047516
 0      620       107.8623166907       135.9355303805         0.6652773344        10.5351047516
 0      630       107.8623166907       135.7411709566         0.6652773344        10.5351047516
 0      640       107.8623166907       135.5104511829         0.6652773344        10.5351047516
 0      650       107.8623166907       135.5104511829         0.6652773344        10.5351047516
 0      660       107.8623166907       135.1450143928         0.6652773344        10.5351047516
 0      670       107.8623166907       134.7459654022         0.6652773344        10.5351047516
 0      680       107.8623166907       134.6875576855         0.6652773344        10.5351047516
 0      690       107.8623166907       134.6392969046         0.6652773344        10.5351047516
 0      700       107.8623166907       134.5414237462         0.6652773344        10.5351047516
 0      710       107.8623166907       134.4957669293         0.6652773344        10.5351047516
 0      720       107.8623166907       134.0357084932         0.6652773344        10.5351047516
 0      730       107.8623166907       134.0357084932         0.6652773344        10.5351047516
 0      740       107.8623166907       133.6239850035         0.6652773344        10.5351047516
 0      750       107.8623166907       133.5070721714         0.6652773344        10.5351047516
 0      760       107.8623166907       133.5070721714         0.6652773344        10.5351047516
 0      770       107.8623166907       133.4136838859         0.6652773344        10.5351047516
 0      780       107.8623166907       133.0929339040         0.6652773344        10.5351047516
 0      790       107.8623166907       133.0683653056         0.6652773344        10.5351047516
 0      800       107.8623166907       132.8920177729         0.6652773344        10.5351047516
 0      810       107.8623166907       132.8097800499         0.6652773344        10.5351047516
 0      820       107.8623166907       132.6496026166         0.6652773344        10.5351047516
 0      830       107.8623166907       132.6021522601         0.6652773344        10.5351047516
 0      840       107.8623166907       132.3972318272         0.6652773344        10.5351047516
 0      850       107.8623166907       132.3972318272         0.6652773344        10.5351047516
 0      860       107.8623166907       132.3972318272         0.6652773344        10.5351047516
 0      870       107.8623166907       132.2795184213         0.6652773344        10.5351047516
 0      880       107.8623166907       132.2789167252         0.6652773344        10.5351047516
 0      890       107.8623166907       132.0954162609         0.6652773344        10.5351047516
 0      900       107.8623166907       131.9342824337         0.6652773344        10.5351047516
 0      910       107.8623166907       131.9342824337         0.6652773344        10.5351047516
 0      920       107.8623166907       131.8420893993         0.6652773344        10.5351047516
 0      930       107.8623166907       131.7395518351         0.6652773344        10.5351047516
 0      940       107.8623166907       131.5295258634         0.6652773344        10.5351047516
 0      950       107.8623166907       131.4958894161         0.6652773344        10.5351047516
 0      960       107.8623166907       131.3688746599         0.6652773344        10.5351047516
 0      970       107.8623166907       131.3688746599         0.6652773344        10.5351047516
 0      980       107.8623166907       131.3688746599         0.6652773344        10.5351047516
 0      990       107.8623166907       131.3688746599         0.6652773344        10.5351047516
 0     1000       107.8623166907       131.3032399905         0.6652773344        10.5351047516
 0     1010       107.8623166907       131.2831577391         0.6652773344        10.5351047516
 0     1020       107.8623166907       131.2424588079         0.6652773344        10.5351047516
 0     1030       107.8623166907       131.1068826437         0.6652773344        10.5351047516
 0     1040       107.8623166907       130.7379128936         0.6652773344        10.5351047516
 0     1050       107.8623166907       130.7067242633         0.6652773344        10.5351047516
 0     1060       107.8623166907       130.7022252065         0.6652773344        10.5351047516
 0     1070       107.8623166907       130.4161117395         0.6652773344        10.5351047516
 0     1080       107.8623166907       130.3884728804         0.6652773344        10.5351047516
 0     1090       107.8623166907       130.3884728804         0.6652773344        10.5351047516
 0     1100       107.8623166907       130.2926849344         0.6652773344        10.5351047516
 0     1110       107.8623166907       130.2926849344         0.6652773344        10.5351047516
 0     1120       107.8623166907       130.0728681237         0.6652773344        10.5351047516
 0     1130       107.8623166907       130.0728681237         0.6652773344        10.5351047516
 0     1140       107.8623166907       129.6277114993         1.0000000000        10.5351047516
 0     1150       107.8623166907       129.5765708805         1.0000000000        10.5351047516
 0     1160       107.8623166907       129.4844364319         1.0000000000        10.5351047516
 0     1170       107.8623166907       129.4448875092         0.0000000000        10.5351047516
 0     1180       107.8623166907       129.2932030294         0.0000000000        10.5351047516
 0     1190       107.8623166907       129.1086135665         0.0000000000        10.5351047516
 0     1200       107.8623166907       129.1086135665         0.0000000000        10.5351047516
 0     1210       107.8623166907       128.9370775093         0.0000000000        10.5351047516
 0     1220       107.8623166907       128.7867110916         0.0000000000        10.5351047516
 0     1230       107.8623166907       128.7867110916         0.0000000000        10.5351047516
 0     1240       107.8623166907       128.7206457384         0.0000000000        10.5351047516
 0     1250       107.8623166907       128.5502938557         0.0000000000        10.5351047516
 0     1260       106.3140183211       128.2590191857         0.0000000000        10.5351047516
 0     1270       106.3140183211       128.2590191857         0.0000000000        10.5351047516
 0     1280       106.3140183211       128.0804843292         0.0000000000        10.5351047516
